KEY_CODE,HYOSYO,CITYNAME,NAME,HTKSYORI,HTKSAKI,GASSAN,T000572001,T000572002,T000572003,T000572004
,,,,,,,l,j,,ё
01110,1,Dysc,,,,,116619,55394,61225,42759
011101800,2,Dysc,c,,,,17,9,8,6
011101900,2,Dysc,^h,,,,1161,608,553,63
011102200,2,Dysc,,,,,-,-,-,-
011102300,2,Dysc,L,,,,146,71,75,55
011102601,2,Dysc,c,,,,1719,802,917,682
01110260101,3,Dysc,cP,,,,186,88,98,92
01110260102,3,Dysc,cQ,,,,409,179,230,199
01110260103,3,Dysc,cR,,,,369,172,197,164
01110260104,3,Dysc,cS,,,,755,363,392,227
011102602,2,Dysc,c,,,,2335,1125,1210,1313
01110260201,3,Dysc,cP,,,,938,454,484,578
01110260202,3,Dysc,cQ,,,,1055,499,556,548
01110260203,3,Dysc,cR,,,,342,172,170,187
011102603,2,Dysc,cO,,,,1763,836,927,932
01110260301,3,Dysc,cOP,,,,741,350,391,524
01110260302,3,Dysc,cOQ,,,,764,351,413,303
01110260303,3,Dysc,cOR,,,,258,135,123,105
011102604,2,Dysc,cl,,,,1207,533,674,493
01110260401,3,Dysc,clP,,,,69,28,41,62
01110260402,3,Dysc,clQ,,,,635,271,364,244
01110260403,3,Dysc,clR,,,,312,150,162,122
01110260404,3,Dysc,clS,,,,191,84,107,65
011102605,2,Dysc,c܏,,,,2623,1264,1359,957
01110260501,3,Dysc,c܏P,,,,364,175,189,140
01110260502,3,Dysc,c܏Q,,,,1496,715,781,535
01110260503,3,Dysc,c܏R,,,,309,146,163,119
01110260504,3,Dysc,c܏S,,,,454,228,226,163
011102606,2,Dysc,cZ,,,,3148,1473,1675,1133
01110260601,3,Dysc,cZP,,,,1027,453,574,308
01110260602,3,Dysc,cZQ,,,,1051,506,545,421
01110260603,3,Dysc,cZR,,,,515,253,262,219
01110260604,3,Dysc,cZS,,,,555,261,294,185
011102607,2,Dysc,c,,,,4353,2107,2246,1485
01110260701,3,Dysc,cP,,,,1609,785,824,481
01110260702,3,Dysc,cQ,,,,613,298,315,226
01110260703,3,Dysc,cR,,,,1362,654,708,503
01110260704,3,Dysc,cS,,,,769,370,399,275
011102608,2,Dysc,c,,,,2840,1354,1486,999
01110260801,3,Dysc,cP,,,,695,350,345,200
01110260802,3,Dysc,cQ,,,,979,456,523,358
01110260803,3,Dysc,cR,,,,1166,548,618,441
011102609,2,Dysc,c,,,,1049,492,557,364
01110260901,3,Dysc,cP,,,,337,157,180,93
01110260903,3,Dysc,cR,,,,712,335,377,271
011102610,2,Dysc,c\,,,,2084,1046,1038,600
01110261003,3,Dysc,c\R,,,,887,427,460,254
01110261004,3,Dysc,c\S,,,,1197,619,578,346
011102701,2,Dysc,k,,,,1595,720,875,533
01110270101,3,Dysc,kP,,,,694,315,379,255
01110270102,3,Dysc,kQ,,,,901,405,496,278
011102702,2,Dysc,k,,,,2707,1339,1368,1143
01110270201,3,Dysc,kP,,,,888,462,426,339
01110270202,3,Dysc,kQ,,,,1240,604,636,518
01110270203,3,Dysc,kR,,,,579,273,306,286
011102703,2,Dysc,kO,,,,3830,1836,1994,1498
01110270301,3,Dysc,kOP,,,,448,211,237,188
01110270302,3,Dysc,kOQ,,,,599,301,298,230
01110270303,3,Dysc,kOR,,,,1068,516,552,406
01110270304,3,Dysc,kOS,,,,593,283,310,222
01110270305,3,Dysc,kOT,,,,1122,525,597,452
011102704,2,Dysc,kl,,,,2980,1430,1550,1103
01110270401,3,Dysc,klP,,,,321,154,167,116
01110270402,3,Dysc,klQ,,,,568,274,294,217
01110270403,3,Dysc,klR,,,,735,354,381,275
01110270404,3,Dysc,klS,,,,713,340,373,260
01110270405,3,Dysc,klT,,,,643,308,335,235
011102705,2,Dysc,k܏,,,,4213,2020,2193,1594
01110270501,3,Dysc,k܏P,,,,652,317,335,246
01110270502,3,Dysc,k܏Q,,,,497,241,256,186
01110270503,3,Dysc,k܏R,,,,511,245,266,205
01110270504,3,Dysc,k܏S,,,,1646,796,850,600
01110270505,3,Dysc,k܏T,,,,907,421,486,357
011102706,2,Dysc,kZ,,,,3919,1837,2082,1558
01110270601,3,Dysc,kZP,,,,876,418,458,362
01110270602,3,Dysc,kZQ,,,,846,412,434,325
01110270603,3,Dysc,kZR,,,,463,204,259,180
01110270604,3,Dysc,kZS,,,,1276,586,690,507
01110270605,3,Dysc,kZT,,,,458,217,241,184
011102707,2,Dysc,k쎵,,,,3519,1649,1870,1421
01110270701,3,Dysc,k쎵P,,,,415,190,225,177
01110270702,3,Dysc,k쎵Q,,,,530,255,275,236
01110270703,3,Dysc,k쎵R,,,,757,363,394,309
01110270704,3,Dysc,k쎵S,,,,1108,517,591,400
01110270705,3,Dysc,k쎵T,,,,709,324,385,299
011102801,2,Dysc,,,,,1826,877,949,799
01110280101,3,Dysc,P,,,,378,178,200,174
01110280102,3,Dysc,Q,,,,494,241,253,213
01110280103,3,Dysc,R,,,,166,72,94,81
01110280104,3,Dysc,S,,,,344,182,162,149
01110280105,3,Dysc,T,,,,140,66,74,55
01110280106,3,Dysc,U,,,,304,138,166,127
011102802,2,Dysc,,,,,2615,1231,1384,918
01110280201,3,Dysc,P,,,,796,343,453,225
01110280202,3,Dysc,Q,,,,507,229,278,207
01110280203,3,Dysc,R,,,,692,338,354,255
01110280204,3,Dysc,S,,,,340,181,159,137
01110280205,3,Dysc,T,,,,209,104,105,69
01110280206,3,Dysc,U,,,,71,36,35,25
011102803,2,Dysc,O,,,,3360,1606,1754,1259
01110280301,3,Dysc,OP,,,,429,203,226,177
01110280302,3,Dysc,OQ,,,,517,257,260,190
01110280303,3,Dysc,OR,,,,1097,486,611,431
01110280304,3,Dysc,OS,,,,510,252,258,201
01110280305,3,Dysc,OT,,,,2,1,1,1
01110280306,3,Dysc,OU,,,,805,407,398,259
011102804,2,Dysc,l,,,,3369,1586,1783,1198
01110280401,3,Dysc,lP,,,,1060,493,567,387
01110280402,3,Dysc,lQ,,,,458,210,248,181
01110280403,3,Dysc,lR,,,,1054,508,546,365
01110280406,3,Dysc,lU,,,,489,222,267,158
01110280407,3,Dysc,lV,,,,308,153,155,107
011102805,2,Dysc,܏,,,,2536,1178,1358,920
01110280501,3,Dysc,܏P,,,,146,68,78,55
01110280502,3,Dysc,܏Q,,,,832,396,436,306
01110280503,3,Dysc,܏R,,,,345,156,189,135
01110280504,3,Dysc,܏S,,,,680,305,375,240
01110280506,3,Dysc,܏U,,,,533,253,280,184
011102806,2,Dysc,Z,,,,2460,1164,1296,879
01110280601,3,Dysc,ZP,,,,1181,552,629,437
01110280602,3,Dysc,ZQ,,,,129,64,65,49
01110280603,3,Dysc,ZR,,,,672,329,343,227
01110280604,3,Dysc,ZS,,,,478,219,259,166
011102807,2,Dysc,,,,,1694,792,902,606
01110280701,3,Dysc,P,,,,739,337,402,272
01110280702,3,Dysc,Q,,,,7,3,4,2
01110280703,3,Dysc,R,,,,515,242,273,174
01110280704,3,Dysc,S,,,,433,210,223,158
011102808,2,Dysc,,,,,2492,1154,1338,875
01110280801,3,Dysc,P,,,,675,321,354,249
01110280802,3,Dysc,Q,,,,510,223,287,192
01110280803,3,Dysc,R,,,,644,314,330,204
01110280804,3,Dysc,S,,,,663,296,367,230
011102809,2,Dysc,,,,,1824,863,961,646
01110280901,3,Dysc,P,,,,825,391,434,303
01110280902,3,Dysc,Q,,,,122,57,65,46
01110280903,3,Dysc,R,,,,694,331,363,234
01110280904,3,Dysc,S,,,,183,84,99,63
011102810,2,Dysc,\,,,,2049,958,1091,741
01110281001,3,Dysc,\P,,,,1071,502,569,407
01110281002,3,Dysc,\Q,,,,928,431,497,319
01110281003,3,Dysc,\R,,,,50,25,25,15
011102901,2,Dysc,^h,,,,2969,1427,1542,1276
01110290101,3,Dysc,^hP,,,,1356,649,707,537
01110290102,3,Dysc,^hQ,,,,1613,778,835,739
011102902,2,Dysc,^h,,,,1972,966,1006,858
01110290201,3,Dysc,^hP,,,,836,407,429,391
01110290202,3,Dysc,^hQ,,,,1136,559,577,467
011102903,2,Dysc,^hO,,,,1391,643,748,505
011102904,2,Dysc,^hl,,,,3032,1415,1617,1099
01110290401,3,Dysc,^hlP,,,,638,312,326,213
01110290402,3,Dysc,^hlQ,,,,751,349,402,276
01110290403,3,Dysc,^hlR,,,,397,184,213,152
01110290404,3,Dysc,^hlS,,,,610,282,328,224
01110290405,3,Dysc,^hlT,,,,636,288,348,234
011102905,2,Dysc,^h܏,,,,2325,1100,1225,836
01110290501,3,Dysc,^h܏P,,,,608,281,327,210
01110290502,3,Dysc,^h܏Q,,,,356,164,192,125
01110290503,3,Dysc,^h܏R,,,,577,283,294,217
01110290504,3,Dysc,^h܏S,,,,569,273,296,211
01110290505,3,Dysc,^h܏T,,,,215,99,116,73
011102906,2,Dysc,^hZ,,,,11,6,5,4
011103001,2,Dysc,ˈ,,,,3337,1538,1799,1260
01110300101,3,Dysc,ˈP,,,,347,162,185,120
01110300102,3,Dysc,ˈQ,,,,796,386,410,286
01110300103,3,Dysc,ˈR,,,,832,398,434,291
01110300104,3,Dysc,ˈS,,,,1362,592,770,563
011103002,2,Dysc,˓,,,,3335,1575,1760,1173
01110300201,3,Dysc,˓P,,,,590,284,306,197
01110300202,3,Dysc,˓Q,,,,462,197,265,162
01110300203,3,Dysc,˓R,,,,828,391,437,315
01110300204,3,Dysc,˓S,,,,515,257,258,181
01110300205,3,Dysc,˓T,,,,366,187,179,122
01110300206,3,Dysc,˓U,,,,570,258,312,195
01110300207,3,Dysc,˓V,,,,4,1,3,1
011103003,2,Dysc,ˎO,,,,3927,1892,2035,1355
01110300301,3,Dysc,ˎOP,,,,615,291,324,215
01110300302,3,Dysc,ˎOQ,,,,362,180,182,140
01110300303,3,Dysc,ˎOR,,,,1049,517,532,385
01110300304,3,Dysc,ˎOS,,,,698,334,364,227
01110300305,3,Dysc,ˎOT,,,,800,381,419,248
01110300306,3,Dysc,ˎOU,,,,401,188,213,139
01110300307,3,Dysc,ˎOV,,,,2,1,1,1
011103004,2,Dysc,ˎl,,,,430,206,224,154
01110300401,3,Dysc,ˎlP,,,,10,6,4,3
01110300403,3,Dysc,ˎlR,,,,420,200,220,151
011103101,2,Dysc,u,,,,397,170,227,173
01110310101,3,Dysc,uP,,,,-,-,-,-
01110310102,3,Dysc,uQ,,,,-,-,-,-
01110310103,3,Dysc,uR,,,,-,-,-,-
01110310104,3,Dysc,uS,,,,34,15,19,14
01110310105,3,Dysc,uT,,,,51,14,37,1
01110310106,3,Dysc,uU,,,,33,14,19,18
01110310107,3,Dysc,uV,,,,84,40,44,36
01110310108,3,Dysc,uW,,,,128,67,61,66
01110310109,3,Dysc,uX,,,,67,20,47,38
01110310110,3,Dysc,uPO,,,,-,-,-,-
011103102,2,Dysc,u,,,,3687,1747,1940,1280
01110310201,3,Dysc,uP,,,,154,77,77,55
01110310202,3,Dysc,uQ,,,,335,155,180,118
01110310203,3,Dysc,uR,,,,440,199,241,138
01110310204,3,Dysc,uS,,,,704,338,366,222
01110310205,3,Dysc,uT,,,,456,211,245,147
01110310206,3,Dysc,uU,,,,361,177,184,114
01110310207,3,Dysc,uV,,,,490,231,259,166
01110310208,3,Dysc,uW,,,,594,281,313,264
01110310209,3,Dysc,uX,,,,106,51,55,36
01110310210,3,Dysc,uPO,,,,47,27,20,20
011103103,2,Dysc,uO,,,,3947,1850,2097,1371
01110310301,3,Dysc,uOP,,,,155,74,81,59
01110310302,3,Dysc,uOQ,,,,383,187,196,135
01110310303,3,Dysc,uOR,,,,70,34,36,34
01110310304,3,Dysc,uOS,,,,86,39,47,18
01110310305,3,Dysc,uOT,,,,1268,586,682,435
01110310306,3,Dysc,uOU,,,,1844,857,987,640
01110310307,3,Dysc,uOV,,,,60,30,30,23
01110310308,3,Dysc,uOW,,,,78,41,37,26
01110310309,3,Dysc,uOX,,,,3,2,1,1
01110310310,3,Dysc,uOPO,,,,-,-,-,-
011103104,2,Dysc,ul,,,,1994,918,1076,653
01110310405,3,Dysc,ulT,,,,319,157,162,97
01110310406,3,Dysc,ulU,,,,1249,562,687,428
01110310407,3,Dysc,ulV,,,,259,122,137,74
01110310408,3,Dysc,ulW,,,,75,34,41,23
01110310409,3,Dysc,ulX,,,,90,42,48,30
01110310410,3,Dysc,ulPO,,,,2,1,1,1
011103105,2,Dysc,u܏,,,,1373,653,720,420
01110310505,3,Dysc,u܏T,,,,433,211,222,137
01110310506,3,Dysc,u܏U,,,,613,288,325,183
01110310509,3,Dysc,u܏X,,,,327,154,173,100
011103200,2,Dysc,,,,,-,-,-,-
011103300,2,Dysc,,,,,6133,2895,3238,1988
01110330001,3,Dysc,P,,,,486,239,247,152
01110330002,3,Dysc,Q,,,,460,214,246,153
01110330003,3,Dysc,R,,,,687,316,371,226
01110330004,3,Dysc,S,,,,526,234,292,177
01110330005,3,Dysc,T,,,,332,158,174,103
01110330006,3,Dysc,U,,,,988,479,509,338
01110330007,3,Dysc,V,,,,581,290,291,195
01110330008,3,Dysc,W,,,,432,201,231,147
01110330009,3,Dysc,X,,,,473,214,259,152
01110330010,3,Dysc,PO,,,,721,337,384,210
01110330011,3,Dysc,PP,,,,447,213,234,135
011103400,2,Dysc,˗΃Pu,,,,4926,2433,2493,1581
01110340001,3,Dysc,˗΃PuP,,,,581,281,300,170
01110340002,3,Dysc,˗΃PuQ,,,,476,225,251,134
01110340003,3,Dysc,˗΃PuR,,,,219,108,111,65
01110340004,3,Dysc,˗΃PuS,,,,132,64,68,38
01110340005,3,Dysc,˗΃PuT,,,,255,134,121,76
01110340006,3,Dysc,˗΃PuU,,,,145,71,74,46
01110340007,3,Dysc,˗΃PuV,,,,393,200,193,129
01110340008,3,Dysc,˗΃PuW,,,,693,343,350,210
01110340009,3,Dysc,˗΃PuX,,,,200,102,98,80
01110340010,3,Dysc,˗΃PuPO,,,,696,341,355,243
01110340011,3,Dysc,˗΃PuPP,,,,752,374,378,265
01110340012,3,Dysc,˗΃PuPQ,,,,384,190,194,125
