KEY_CODE,HYOSYO,CITYNAME,NAME,HTKSYORI,HTKSAKI,GASSAN,T000572001,T000572002,T000572003,T000572004
,,,,,,,l,j,,ё
01204,1,s,,,,,347095,160094,187001,154393
012041000,2,s,{,,,,2939,1293,1646,1702
01204100001,3,s,{ʂP,,,,196,76,120,134
01204100002,3,s,{ʂQ,,,,72,27,45,36
01204100003,3,s,{ʂR,,,,325,122,203,146
01204100004,3,s,{ʂS,,,,193,78,115,86
01204100005,3,s,{ʂT,,,,113,48,65,57
01204100006,3,s,{ʂU,,,,-,-,-,-
01204100007,3,s,{ʂV,,,,29,4,25,20
01204100008,3,s,{ʂW,,,,-,-,-,-
01204100009,3,s,{ʂX,,,,144,74,70,114
01204100010,3,s,{ʂPO,,,,-,-,-,-
01204100011,3,s,{ʂPP,,,,126,65,61,72
01204100012,3,s,{ʂPQ,,,,1,-,1,1
01204100013,3,s,{ʂPR,,,,16,7,9,7
01204100014,3,s,{ʂPS,,,,39,20,19,24
01204100015,3,s,{ʂPT,,,,19,6,13,15
01204100016,3,s,{ʂPU,,,,98,45,53,58
01204100017,3,s,{ʂPV,,,,83,81,2,83
01204100018,3,s,{ʂPW,,,,111,47,64,73
01204100019,3,s,{ʂPX,,,,446,228,218,201
01204100020,3,s,{ʂQO,,,,117,59,58,57
01204100021,3,s,{ʂQP,,,,73,30,43,42
01204100022,3,s,{ʂQQ,,,,38,15,23,23
01204100023,3,s,{ʂQR,,,,136,59,77,77
01204100024,3,s,{ʂQS,,,,245,103,142,153
01204100025,3,s,{ʂQT,,,,189,64,125,118
01204100026,3,s,{ʂQU,,,,130,35,95,105
012041010,2,s,,,,,2031,920,1111,1240
01204101001,3,s,ʂP,,,,165,91,74,105
01204101002,3,s,ʂQ,,,,78,25,53,50
01204101003,3,s,ʂR,,,,116,39,77,71
01204101004,3,s,ʂS,,,,45,21,24,26
01204101005,3,s,ʂT,,,,168,82,86,120
01204101006,3,s,ʂU,,,,16,3,13,7
01204101007,3,s,ʂV,,,,72,45,27,63
01204101008,3,s,ʂW,,,,-,-,-,-
01204101009,3,s,ʂX,,,,8,4,4,4
01204101010,3,s,ʂPO,,,,76,49,27,61
01204101011,3,s,ʂPP,,,,91,34,57,64
01204101012,3,s,ʂPQ,,,,54,21,33,33
01204101013,3,s,ʂPR,,,,50,20,30,32
01204101014,3,s,ʂPS,,,,86,45,41,47
01204101015,3,s,ʂPT,,,,215,96,119,131
01204101016,3,s,ʂPU,,,,114,40,74,45
01204101017,3,s,ʂPV,,,,159,77,82,87
01204101018,3,s,ʂPW,,,,143,63,80,95
01204101019,3,s,ʂPX,,,,70,31,39,38
01204101020,3,s,ʂQO,,,,77,35,42,43
01204101021,3,s,ʂQP,,,,57,24,33,37
01204101022,3,s,ʂQQ,,,,37,16,21,22
01204101023,3,s,ʂQR,,,,35,17,18,17
01204101024,3,s,ʂQS,,,,34,17,17,8
01204101025,3,s,ʂQT,,,,65,25,40,34
012041020,2,s,,,,,1786,780,1006,1066
01204102001,3,s,ʂP,,,,79,36,43,51
01204102002,3,s,ʂQ,,,,195,85,110,121
01204102003,3,s,ʂR,,,,102,45,57,51
01204102004,3,s,ʂS,,,,39,16,23,23
01204102005,3,s,ʂT,,,,75,30,45,44
01204102006,3,s,ʂU,,,,79,44,35,69
01204102007,3,s,ʂV,,,,16,8,8,7
01204102008,3,s,ʂW,,,,2,-,2,2
01204102009,3,s,ʂX,,,,37,11,26,19
01204102010,3,s,ʂPO,,,,35,18,17,23
01204102011,3,s,ʂPP,,,,132,37,95,48
01204102012,3,s,ʂPQ,,,,20,13,7,10
01204102013,3,s,ʂPR,,,,79,31,48,49
01204102014,3,s,ʂPS,,,,81,42,39,55
01204102015,3,s,ʂPT,,,,102,44,58,58
01204102016,3,s,ʂPU,,,,99,41,58,51
01204102017,3,s,ʂPV,,,,148,58,90,80
01204102018,3,s,ʂPW,,,,42,15,27,29
01204102019,3,s,ʂPX,,,,118,62,56,82
01204102020,3,s,ʂQO,,,,92,42,50,43
01204102021,3,s,ʂQP,,,,106,43,63,74
01204102022,3,s,ʂQQ,,,,61,28,33,42
01204102023,3,s,ʂQR,,,,-,-,-,-
01204102025,3,s,ʂQT,,,,47,31,16,35
012041030,2,s,O,,,,2094,891,1203,1282
01204103001,3,s,OʂP,,,,77,30,47,49
01204103002,3,s,OʂQ,,,,179,72,107,114
01204103003,3,s,OʂR,,,,102,40,62,66
01204103004,3,s,OʂS,,,,151,65,86,115
01204103005,3,s,OʂT,,,,22,9,13,15
01204103006,3,s,OʂU,,,,7,3,4,4
01204103007,3,s,OʂV,,,,13,7,6,8
01204103008,3,s,OʂW,,,,33,13,20,24
01204103009,3,s,OʂX,,,,43,20,23,35
01204103010,3,s,OʂPO,,,,20,7,13,10
01204103011,3,s,OʂPP,,,,93,35,58,54
01204103012,3,s,OʂPQ,,,,173,74,99,97
01204103013,3,s,OʂPR,,,,69,36,33,38
01204103014,3,s,OʂPS,,,,98,44,54,68
01204103015,3,s,OʂPT,,,,29,13,16,18
01204103016,3,s,OʂPU,,,,114,52,62,66
01204103017,3,s,OʂPV,,,,158,69,89,77
01204103018,3,s,OʂPW,,,,13,7,6,5
01204103019,3,s,OʂPX,,,,43,18,25,25
01204103020,3,s,OʂQO,,,,103,37,66,62
01204103021,3,s,OʂQP,,,,112,50,62,57
01204103022,3,s,OʂQQ,,,,112,48,64,68
01204103023,3,s,OʂQR,,,,141,59,82,91
01204103024,3,s,OʂQS,,,,65,25,40,43
01204103025,3,s,OʂQT,,,,124,58,66,73
012041040,2,s,l,,,,1655,706,949,749
01204104001,3,s,lʂP,,,,94,40,54,59
01204104002,3,s,lʂQ,,,,54,21,33,31
01204104003,3,s,lʂR,,,,33,10,23,21
01204104004,3,s,lʂS,,,,96,45,51,59
01204104005,3,s,lʂT,,,,74,43,31,54
01204104006,3,s,lʂU,,,,68,35,33,53
01204104007,3,s,lʂV,,,,16,6,10,7
01204104008,3,s,lʂW,,,,27,12,15,21
01204104009,3,s,lʂX,,,,-,-,-,-
01204104010,3,s,lʂPO,,,,53,24,29,30
01204104011,3,s,lʂPP,,,,294,117,177,27
01204104012,3,s,lʂPQ,,,,6,2,4,3
01204104013,3,s,lʂPR,,,,16,7,9,6
01204104014,3,s,lʂPS,,,,86,37,49,34
01204104015,3,s,lʂPT,,,,19,10,9,9
01204104016,3,s,lʂPU,,,,56,21,35,14
01204104017,3,s,lʂPV,,,,123,52,71,67
01204104018,3,s,lʂPW,,,,39,19,20,14
01204104019,3,s,lʂPX,,,,43,22,21,19
01204104020,3,s,lʂQO,,,,64,31,33,34
01204104021,3,s,lʂQP,,,,90,41,49,41
01204104022,3,s,lʂQQ,,,,106,35,71,38
01204104023,3,s,lʂQR,,,,77,29,48,42
01204104024,3,s,lʂQS,,,,109,41,68,61
01204104025,3,s,lʂQT,,,,12,6,6,5
012041050,2,s,܏,,,,3161,1390,1771,1869
01204105001,3,s,܏ʂP,,,,174,84,90,92
01204105002,3,s,܏ʂQ,,,,146,55,91,81
01204105003,3,s,܏ʂR,,,,189,85,104,97
01204105004,3,s,܏ʂS,,,,3,1,2,1
01204105005,3,s,܏ʂT,,,,57,32,25,39
01204105006,3,s,܏ʂU,,,,154,61,93,104
01204105007,3,s,܏ʂV,,,,195,75,120,107
01204105008,3,s,܏ʂW,,,,4,2,2,2
01204105009,3,s,܏ʂX,,,,110,45,65,69
01204105010,3,s,܏ʂPO,,,,211,117,94,185
01204105011,3,s,܏ʂPP,,,,137,57,80,70
01204105012,3,s,܏ʂPQ,,,,178,70,108,107
01204105013,3,s,܏ʂPR,,,,131,44,87,66
01204105014,3,s,܏ʂPS,,,,117,44,73,78
01204105015,3,s,܏ʂPT,,,,222,83,139,129
01204105016,3,s,܏ʂPU,,,,97,64,33,69
01204105017,3,s,܏ʂPV,,,,26,12,14,14
01204105018,3,s,܏ʂPW,,,,173,77,96,86
01204105019,3,s,܏ʂPX,,,,113,59,54,98
01204105020,3,s,܏ʂQO,,,,117,61,56,49
01204105021,3,s,܏ʂQP,,,,43,15,28,27
01204105022,3,s,܏ʂQQ,,,,110,54,56,55
01204105023,3,s,܏ʂQR,,,,185,81,104,105
01204105024,3,s,܏ʂQS,,,,221,90,131,113
01204105025,3,s,܏ʂQT,,,,48,22,26,26
012041060,2,s,Z,,,,2211,987,1224,1227
01204106001,3,s,ZʂP,,,,127,58,69,63
01204106002,3,s,ZʂQ,,,,125,57,68,74
01204106003,3,s,ZʂR,,,,20,10,10,14
01204106004,3,s,ZʂS,,,,53,19,34,29
01204106006,3,s,ZʂU,,,,41,20,21,20
01204106007,3,s,ZʂV,,,,71,26,45,53
01204106008,3,s,ZʂW,,,,36,16,20,20
01204106009,3,s,ZʂX,,,,2,2,-,2
01204106010,3,s,ZʂPO,,,,39,18,21,21
01204106011,3,s,ZʂPP,,,,172,66,106,95
01204106012,3,s,ZʂPQ,,,,10,4,6,4
01204106013,3,s,ZʂPR,,,,140,62,78,68
01204106014,3,s,ZʂPS,,,,15,5,10,10
01204106015,3,s,ZʂPT,,,,44,21,23,25
01204106016,3,s,ZʂPU,,,,273,144,129,192
01204106017,3,s,ZʂPV,,,,97,48,49,52
01204106018,3,s,ZʂPW,,,,237,103,134,127
01204106019,3,s,ZʂPX,,,,115,59,56,52
01204106020,3,s,ZʂQO,,,,73,36,37,37
01204106021,3,s,ZʂQP,,,,30,9,21,16
01204106022,3,s,ZʂQQ,,,,94,45,49,42
01204106023,3,s,ZʂQR,,,,118,48,70,62
01204106024,3,s,ZʂQS,,,,244,95,149,124
01204106025,3,s,ZʂQT,,,,35,16,19,25
012041070,2,s,,,,,1819,770,1049,985
01204107001,3,s,ʂP,,,,53,26,27,29
01204107002,3,s,ʂQ,,,,61,26,35,33
01204107003,3,s,ʂR,,,,62,23,39,33
01204107004,3,s,ʂS,,,,105,39,66,52
01204107005,3,s,ʂT,,,,121,44,77,83
01204107006,3,s,ʂU,,,,193,80,113,112
01204107007,3,s,ʂV,,,,90,40,50,65
01204107008,3,s,ʂW,,,,86,35,51,57
01204107011,3,s,ʂPP,,,,41,21,20,18
01204107013,3,s,ʂPR,,,,63,34,29,31
01204107014,3,s,ʂPS,,,,15,6,9,7
01204107015,3,s,ʂPT,,,,85,41,44,40
01204107016,3,s,ʂPU,,,,48,22,26,26
01204107017,3,s,ʂPV,,,,128,42,86,46
01204107018,3,s,ʂPW,,,,38,16,22,20
01204107019,3,s,ʂPX,,,,57,26,31,38
01204107020,3,s,ʂQO,,,,101,47,54,59
01204107021,3,s,ʂQP,,,,92,41,51,44
01204107022,3,s,ʂQQ,,,,165,76,89,81
01204107023,3,s,ʂQR,,,,81,26,55,44
01204107024,3,s,ʂQS,,,,134,59,75,67
012041080,2,s,,,,,1945,900,1045,1077
01204108001,3,s,ʂP,,,,123,52,71,60
01204108002,3,s,ʂQ,,,,31,13,18,14
01204108005,3,s,ʂT,,,,30,14,16,12
01204108006,3,s,ʂU,,,,36,13,23,11
01204108007,3,s,ʂV,,,,92,40,52,56
01204108008,3,s,ʂW,,,,229,87,142,133
01204108009,3,s,ʂX,,,,55,31,24,33
01204108010,3,s,ʂPO,,,,91,42,49,61
01204108011,3,s,ʂPP,,,,20,10,10,6
01204108012,3,s,ʂPQ,,,,39,19,20,15
01204108013,3,s,ʂPR,,,,-,-,-,-
01204108014,3,s,ʂPS,,,,116,85,31,95
01204108015,3,s,ʂPT,,,,79,37,42,42
01204108016,3,s,ʂPU,,,,62,30,32,38
01204108017,3,s,ʂPV,,,,49,19,30,32
01204108018,3,s,ʂPW,,,,67,31,36,29
01204108019,3,s,ʂPX,,,,99,42,57,50
01204108020,3,s,ʂQO,,,,119,58,61,62
01204108021,3,s,ʂQP,,,,64,27,37,33
01204108022,3,s,ʂQQ,,,,150,67,83,80
01204108023,3,s,ʂQR,,,,264,122,142,139
01204108024,3,s,ʂQS,,,,130,61,69,76
012041090,2,s,,,,,2164,969,1195,1091
01204109001,3,s,ʂP,,,,172,66,106,111
01204109002,3,s,ʂQ,,,,132,57,75,65
01204109007,3,s,ʂV,,,,50,17,33,33
01204109008,3,s,ʂW,,,,59,23,36,26
01204109009,3,s,ʂX,,,,130,58,72,90
01204109010,3,s,ʂPO,,,,41,16,25,21
01204109011,3,s,ʂPP,,,,47,24,23,24
01204109012,3,s,ʂPQ,,,,104,48,56,66
01204109013,3,s,ʂPR,,,,70,28,42,37
01204109014,3,s,ʂPS,,,,138,87,51,80
01204109015,3,s,ʂPT,,,,122,52,70,51
01204109016,3,s,ʂPU,,,,98,44,54,50
01204109017,3,s,ʂPV,,,,67,31,36,38
01204109018,3,s,ʂPW,,,,3,1,2,2
01204109019,3,s,ʂPX,,,,56,30,26,34
01204109020,3,s,ʂQO,,,,160,69,91,88
01204109021,3,s,ʂQP,,,,274,110,164,43
01204109022,3,s,ʂQQ,,,,212,104,108,105
01204109023,3,s,ʂQR,,,,229,104,125,127
012041100,2,s,\,,,,1168,519,649,610
01204110008,3,s,\ʂW,,,,73,35,38,40
01204110009,3,s,\ʂX,,,,172,88,84,112
01204110010,3,s,\ʂPO,,,,17,4,13,8
01204110011,3,s,\ʂPP,,,,9,3,6,8
01204110012,3,s,\ʂPQ,,,,112,50,62,52
01204110013,3,s,\ʂPR,,,,123,52,71,63
01204110014,3,s,\ʂPS,,,,112,48,64,57
01204110015,3,s,\ʂPT,,,,54,27,27,23
01204110016,3,s,\ʂPU,,,,-,-,-,-
01204110017,3,s,\ʂPV,,,,27,12,15,15
01204110018,3,s,\ʂPW,,,,1,-,1,1
01204110019,3,s,\ʂPX,,,,-,-,-,-
01204110020,3,s,\ʂQO,,,,63,24,39,29
01204110021,3,s,\ʂQP,,,,84,38,46,37
01204110022,3,s,\ʂQQ,,,,223,93,130,116
01204110023,3,s,\ʂQR,,,,98,45,53,49
012041110,2,s,\,,,,276,117,159,145
01204111019,3,s,\ʂPX,,,,4,1,3,1
01204111020,3,s,\ʂQO,,,,66,29,37,48
01204111021,3,s,\ʂQP,,,,14,8,6,4
01204111022,3,s,\ʂQQ,,,,54,24,30,28
01204111023,3,s,\ʂQR,,,,138,55,83,64
012041120,2,s,,,,,304,130,174,185
01204112002,3,s,𐼂Q,,,,23,12,11,13
01204112003,3,s,𐼂R,,,,37,10,27,24
01204112004,3,s,𐼂S,,,,244,108,136,148
012041130,2,s,O,,,,597,259,338,371
01204113001,3,s,O𐼂P,,,,11,6,5,4
01204113002,3,s,O𐼂Q,,,,116,55,61,64
01204113003,3,s,O𐼂R,,,,177,81,96,123
01204113004,3,s,O𐼂S,,,,134,46,88,86
01204113005,3,s,O𐼂T,,,,129,56,73,79
01204113006,3,s,O𐼂U,,,,30,15,15,15
012041140,2,s,l,,,,676,273,403,243
01204114001,3,s,l𐼂P,,,,153,63,90,81
01204114002,3,s,l𐼂Q,,,,71,31,40,40
01204114003,3,s,l𐼂R,,,,7,3,4,3
01204114004,3,s,l𐼂S,,,,284,110,174,25
01204114005,3,s,l𐼂T,,,,24,9,15,19
01204114006,3,s,l𐼂U,,,,72,28,44,48
01204114007,3,s,l𐼂V,,,,24,11,13,9
01204114008,3,s,l𐼂W,,,,22,10,12,10
01204114009,3,s,l𐼂X,,,,19,8,11,8
012041150,2,s,܏,,,,776,343,433,401
01204115001,3,s,܏𐼂P,,,,159,66,93,89
01204115002,3,s,܏𐼂Q,,,,23,9,14,10
01204115003,3,s,܏𐼂R,,,,30,13,17,16
01204115004,3,s,܏𐼂S,,,,140,62,78,65
01204115005,3,s,܏𐼂T,,,,-,-,-,-
01204115006,3,s,܏𐼂U,,,,41,20,21,21
01204115007,3,s,܏𐼂V,,,,175,86,89,94
01204115008,3,s,܏𐼂W,,,,145,58,87,69
01204115009,3,s,܏𐼂X,,,,63,29,34,37
012041160,2,s,Z,,,,667,301,366,370
01204116001,3,s,Z𐼂P,,,,134,65,69,89
01204116002,3,s,Z𐼂Q,,,,83,36,47,45
01204116003,3,s,Z𐼂R,,,,142,44,98,73
01204116004,3,s,Z𐼂S,,,,119,56,63,53
01204116005,3,s,Z𐼂T,,,,48,26,22,22
01204116006,3,s,Z𐼂U,,,,61,33,28,43
01204116007,3,s,Z𐼂V,,,,47,24,23,26
01204116008,3,s,Z𐼂W,,,,33,17,16,19
012041170,2,s,,,,,669,316,353,354
01204117001,3,s,𐼂P,,,,86,36,50,37
01204117002,3,s,𐼂Q,,,,89,48,41,44
01204117003,3,s,𐼂R,,,,79,38,41,42
01204117004,3,s,𐼂S,,,,155,66,89,83
01204117005,3,s,𐼂T,,,,66,31,35,34
01204117006,3,s,𐼂U,,,,175,87,88,101
01204117007,3,s,𐼂V,,,,19,10,9,13
012041180,2,s,,,,,372,159,213,170
01204118001,3,s,𐼂P,,,,58,25,33,26
01204118002,3,s,𐼂Q,,,,46,19,27,18
01204118003,3,s,𐼂R,,,,81,34,47,45
01204118004,3,s,𐼂S,,,,64,26,38,30
01204118005,3,s,𐼂T,,,,70,29,41,31
01204118006,3,s,𐼂U,,,,53,26,27,20
012041190,2,s,,,,,338,164,174,171
01204119001,3,s,𐼂P,,,,82,44,38,44
01204119002,3,s,𐼂Q,,,,161,73,88,81
01204119003,3,s,𐼂R,,,,70,34,36,35
01204119004,3,s,𐼂S,,,,25,13,12,11
012041410,2,s,,,,,848,373,475,388
01204141001,3,s,P,,,,17,12,5,1
01204141002,3,s,Q,,,,6,2,4,3
01204141003,3,s,R,,,,73,34,39,33
01204141004,3,s,S,,,,244,108,136,120
01204141005,3,s,T,,,,124,54,70,81
01204141006,3,s,U,,,,136,64,72,73
01204141007,3,s,V,,,,95,43,52,45
01204141008,3,s,W,,,,153,56,97,32
012041420,2,s,,,,,505,220,285,239
01204142003,3,s,R,,,,44,16,28,21
01204142004,3,s,S,,,,138,70,68,63
01204142005,3,s,T,,,,90,41,49,41
01204142006,3,s,U,,,,131,48,83,58
01204142007,3,s,V,,,,40,19,21,23
01204142008,3,s,W,,,,62,26,36,33
012041430,2,s,O,,,,469,195,274,231
01204143001,3,s,OP,,,,-,-,-,-
01204143002,3,s,OQ,,,,-,-,-,-
01204143003,3,s,OR,,,,-,-,-,-
01204143004,3,s,OS,,,,66,30,36,33
01204143005,3,s,OT,,,,144,65,79,76
01204143006,3,s,OU,,,,137,56,81,57
01204143007,3,s,OV,,,,122,44,78,65
012041520,2,s,k,,,,178,81,97,86
01204152005,3,s,kT,,,,12,5,7,10
01204152006,3,s,kU,,,,58,27,31,27
01204152007,3,s,kV,,,,52,26,26,28
01204152008,3,s,kW,,,,56,23,33,21
012041530,2,s,kO,,,,140,67,73,72
01204153006,3,s,kOU,,,,57,27,30,31
01204153007,3,s,kOV,,,,83,40,43,41
012041610,2,s,Tg,,,,375,176,199,189
01204161001,3,s,TgP,,,,180,78,102,96
01204161002,3,s,TgQ,,,,135,68,67,69
01204161003,3,s,TgR,,,,60,30,30,24
012041620,2,s,Tg,,,,296,138,158,131
01204162001,3,s,TgP,,,,134,63,71,60
01204162002,3,s,TgQ,,,,72,32,40,28
01204162003,3,s,TgR,,,,90,43,47,43
012041630,2,s,TgO,,,,334,155,179,178
01204163001,3,s,TgOP,,,,119,55,64,73
01204163002,3,s,TgOQ,,,,101,45,56,49
01204163003,3,s,TgOR,,,,114,55,59,56
012041690,2,s,]Oʒt,,,,36,16,20,15
012041710,2,s,Ւ,,,,294,131,163,170
01204171001,3,s,ՒʂP,,,,72,35,37,38
01204171002,3,s,ՒʂQ,,,,47,18,29,24
01204171003,3,s,ՒʂR,,,,175,78,97,108
012041720,2,s,Ւ,,,,187,79,108,128
01204172001,3,s,ՒP,,,,72,26,46,43
01204172002,3,s,ՒQ,,,,81,36,45,62
01204172003,3,s,ՒR,,,,34,17,17,23
012041730,2,s,Ւ,,,,62,21,41,37
01204173001,3,s,ՒP,,,,36,12,24,22
01204173002,3,s,ՒQ,,,,26,9,17,15
012041740,2,s,֌,,,,4,1,3,2
012041810,2,s,{Oʐ,,,,-,-,-,-
012041820,2,s,{Oʓ,,,,548,240,308,251
012042010,2,s,_y,,,,399,186,213,161
01204201001,3,s,_yP,,,,76,35,41,33
01204201002,3,s,_yQ,,,,73,34,39,29
01204201003,3,s,_yR,,,,145,65,80,56
01204201004,3,s,_yS,,,,105,52,53,43
012042020,2,s,_y,,,,478,227,251,213
01204202001,3,s,_yP,,,,120,58,62,64
01204202002,3,s,_yQ,,,,90,44,46,36
01204202003,3,s,_yR,,,,127,59,68,48
01204202004,3,s,_yS,,,,141,66,75,65
012042110,2,s,L,,,,1865,844,1021,838
01204211001,3,s,LP,,,,311,129,182,149
01204211002,3,s,LQ,,,,226,99,127,117
01204211003,3,s,LR,,,,105,45,60,50
01204211004,3,s,LS,,,,103,52,51,54
01204211005,3,s,LT,,,,76,35,41,38
01204211006,3,s,LU,,,,256,118,138,115
01204211007,3,s,LV,,,,249,119,130,110
01204211008,3,s,LW,,,,231,111,120,96
01204211009,3,s,LX,,,,69,28,41,30
01204211010,3,s,LPO,,,,239,108,131,79
012042120,2,s,L,,,,3254,1442,1812,1481
01204212001,3,s,LP,,,,417,174,243,208
01204212002,3,s,LQ,,,,346,153,193,164
01204212003,3,s,LR,,,,322,141,181,173
01204212004,3,s,LS,,,,224,100,124,121
01204212005,3,s,LT,,,,379,182,197,167
01204212006,3,s,LU,,,,471,210,261,215
01204212007,3,s,LV,,,,350,135,215,147
01204212008,3,s,LW,,,,435,199,236,168
01204212009,3,s,LX,,,,120,57,63,52
01204212010,3,s,LPO,,,,190,91,99,66
012042130,2,s,LO,,,,1393,625,768,690
01204213001,3,s,LOP,,,,-,-,-,-
01204213002,3,s,LOQ,,,,220,92,128,123
01204213003,3,s,LOR,,,,175,75,100,103
01204213004,3,s,LOS,,,,196,86,110,115
01204213005,3,s,LOT,,,,200,94,106,97
01204213006,3,s,LOU,,,,190,84,106,94
01204213007,3,s,LOV,,,,105,51,54,39
01204213008,3,s,LOW,,,,197,89,108,77
01204213009,3,s,LOX,,,,18,7,11,8
01204213010,3,s,LOPO,,,,92,47,45,34
012042140,2,s,Ll,,,,2939,1358,1581,1315
01204214001,3,s,LlP,,,,142,54,88,72
01204214002,3,s,LlQ,,,,205,94,111,110
01204214003,3,s,LlR,,,,368,173,195,170
01204214004,3,s,LlS,,,,119,59,60,61
01204214005,3,s,LlT,,,,335,158,177,173
01204214006,3,s,LlU,,,,456,205,251,212
01204214007,3,s,LlV,,,,391,166,225,185
01204214008,3,s,LlW,,,,382,179,203,156
01204214009,3,s,LlX,,,,70,33,37,26
01204214010,3,s,LlPO,,,,404,203,201,129
01204214011,3,s,LlPP,,,,67,34,33,21
012042150,2,s,L܏,,,,2995,1347,1648,1347
01204215001,3,s,L܏P,,,,559,230,329,288
01204215002,3,s,L܏Q,,,,547,250,297,239
01204215003,3,s,L܏R,,,,423,186,237,201
01204215004,3,s,L܏S,,,,211,90,121,98
01204215005,3,s,L܏T,,,,250,119,131,111
01204215006,3,s,L܏U,,,,247,114,133,110
01204215007,3,s,L܏V,,,,211,106,105,95
01204215008,3,s,L܏W,,,,194,96,98,79
01204215009,3,s,L܏X,,,,59,30,29,19
01204215010,3,s,L܏PO,,,,163,70,93,56
01204215011,3,s,L܏PP,,,,131,56,75,51
012042160,2,s,LZ,,,,4024,1876,2148,1758
01204216001,3,s,LZP,,,,594,261,333,301
01204216002,3,s,LZQ,,,,400,189,211,200
01204216003,3,s,LZR,,,,302,139,163,140
01204216004,3,s,LZS,,,,335,157,178,177
01204216005,3,s,LZT,,,,395,175,220,182
01204216006,3,s,LZU,,,,541,279,262,233
01204216007,3,s,LZV,,,,327,148,179,131
01204216008,3,s,LZW,,,,411,187,224,154
01204216009,3,s,LZX,,,,92,39,53,32
01204216010,3,s,LZPO,,,,383,181,202,132
01204216011,3,s,LZPP,,,,244,121,123,76
012042170,2,s,L,,,,2171,1003,1168,967
01204217001,3,s,LP,,,,201,93,108,104
01204217002,3,s,LQ,,,,246,109,137,124
01204217003,3,s,LR,,,,209,98,111,88
01204217004,3,s,LS,,,,245,108,137,126
01204217005,3,s,LT,,,,246,119,127,113
01204217006,3,s,LU,,,,228,109,119,118
01204217007,3,s,LV,,,,255,123,132,111
01204217008,3,s,LW,,,,132,57,75,54
01204217009,3,s,LX,,,,-,-,-,-
01204217010,3,s,LPO,,,,191,82,109,68
01204217011,3,s,LPP,,,,218,105,113,61
012042180,2,s,L,,,,2487,1138,1349,1144
01204218001,3,s,LP,,,,306,131,175,147
01204218002,3,s,LQ,,,,434,189,245,193
01204218003,3,s,LR,,,,372,165,207,212
01204218004,3,s,LS,,,,284,128,156,135
01204218005,3,s,LT,,,,314,148,166,172
01204218006,3,s,LU,,,,83,44,39,33
01204218007,3,s,LV,,,,275,130,145,103
01204218008,3,s,LW,,,,277,133,144,100
01204218009,3,s,LX,,,,64,28,36,21
01204218010,3,s,LPO,,,,78,42,36,28
01204218011,3,s,LPP,,,,-,-,-,-
012042190,2,s,L,,,,2217,1044,1173,980
01204219001,3,s,LP,,,,181,87,94,102
01204219002,3,s,LQ,,,,237,113,124,121
01204219003,3,s,LR,,,,234,111,123,107
01204219004,3,s,LS,,,,243,112,131,107
01204219005,3,s,LT,,,,396,175,221,193
01204219006,3,s,LU,,,,156,74,82,69
01204219007,3,s,LV,,,,175,84,91,72
01204219008,3,s,LW,,,,236,106,130,95
01204219009,3,s,LX,,,,79,38,41,27
01204219010,3,s,LPO,,,,65,29,36,22
01204219011,3,s,LPP,,,,215,115,100,65
012042200,2,s,L\,,,,2002,955,1047,805
01204220001,3,s,L\P,,,,149,75,74,64
01204220002,3,s,L\Q,,,,286,129,157,134
01204220003,3,s,L\R,,,,146,71,75,61
01204220004,3,s,L\S,,,,-,-,-,-
01204220005,3,s,L\T,,,,172,75,97,81
01204220006,3,s,L\U,,,,318,162,156,126
01204220007,3,s,L\V,,,,231,103,128,95
01204220008,3,s,L\W,,,,254,122,132,94
01204220009,3,s,L\X,,,,-,-,-,-
01204220010,3,s,L\PO,,,,289,140,149,101
01204220011,3,s,L\PP,,,,157,78,79,49
012042210,2,s,L\,,,,1779,841,938,791
01204221001,3,s,L\P,,,,68,32,36,36
01204221002,3,s,L\Q,,,,241,113,128,107
01204221003,3,s,L\R,,,,275,130,145,136
01204221004,3,s,L\S,,,,3,2,1,1
01204221005,3,s,L\T,,,,212,112,100,113
01204221006,3,s,L\U,,,,211,91,120,102
01204221007,3,s,L\V,,,,252,118,134,105
01204221008,3,s,L\W,,,,251,114,137,97
01204221009,3,s,L\X,,,,58,29,29,20
01204221010,3,s,L\PO,,,,200,95,105,72
01204221011,3,s,L\PP,,,,8,5,3,2
012042220,2,s,L\,,,,2067,970,1097,881
01204222001,3,s,L\P,,,,83,32,51,48
01204222002,3,s,L\Q,,,,72,33,39,31
01204222003,3,s,L\R,,,,219,104,115,118
01204222004,3,s,L\S,,,,244,107,137,116
01204222005,3,s,L\T,,,,297,143,154,128
01204222006,3,s,L\U,,,,346,176,170,143
01204222007,3,s,L\V,,,,245,115,130,94
01204222008,3,s,L\W,,,,232,110,122,92
01204222009,3,s,L\X,,,,91,39,52,34
01204222010,3,s,L\PO,,,,238,111,127,77
01204222011,3,s,L\PP,,,,-,-,-,-
012042230,2,s,L\O,,,,1831,799,1032,802
01204223001,3,s,L\OP,,,,302,110,192,101
01204223002,3,s,L\OQ,,,,110,51,59,43
01204223003,3,s,L\OR,,,,225,110,115,101
01204223004,3,s,L\OS,,,,199,87,112,115
01204223005,3,s,L\OT,,,,205,86,119,103
01204223006,3,s,L\OU,,,,229,108,121,110
01204223007,3,s,L\OV,,,,221,90,131,97
01204223008,3,s,L\OW,,,,260,123,137,106
01204223009,3,s,L\OX,,,,80,34,46,26
012042240,2,s,L\l,,,,1757,845,912,811
01204224003,3,s,L\lR,,,,149,77,72,69
01204224004,3,s,L\lS,,,,246,122,124,138
01204224005,3,s,L\lT,,,,471,218,253,219
01204224006,3,s,L\lU,,,,216,105,111,112
01204224007,3,s,L\lV,,,,300,146,154,125
01204224008,3,s,L\lW,,,,265,128,137,99
01204224009,3,s,L\lX,,,,110,49,61,49
012042250,2,s,L\܏,,,,1184,530,654,557
01204225004,3,s,L\܏S,,,,210,97,113,114
01204225005,3,s,L\܏T,,,,205,97,108,93
01204225006,3,s,L\܏U,,,,445,195,250,216
01204225007,3,s,L\܏V,,,,222,92,130,93
01204225008,3,s,L\܏W,,,,102,49,53,41
012042260,2,s,L\Z,,,,162,78,84,65
01204226007,3,s,L\ZV,,,,162,78,84,65
01204226008,3,s,L\ZW,,,,-,-,-,-
012042310,2,s,,,,,2066,931,1135,942
01204231001,3,s,P,,,,214,79,135,115
01204231002,3,s,Q,,,,235,114,121,128
01204231003,3,s,R,,,,235,101,134,129
01204231004,3,s,S,,,,253,125,128,130
01204231005,3,s,T,,,,109,46,63,38
01204231006,3,s,U,,,,241,117,124,101
01204231007,3,s,V,,,,230,99,131,108
01204231008,3,s,W,,,,114,51,63,48
01204231009,3,s,X,,,,80,37,43,31
01204231010,3,s,PO,,,,355,162,193,114
012042320,2,s,,,,,2031,913,1118,961
01204232001,3,s,P,,,,343,138,205,196
01204232002,3,s,Q,,,,238,115,123,135
01204232003,3,s,R,,,,239,103,136,114
01204232004,3,s,S,,,,266,120,146,132
01204232005,3,s,T,,,,185,91,94,81
01204232006,3,s,U,,,,179,86,93,79
01204232007,3,s,V,,,,224,104,120,97
01204232008,3,s,W,,,,117,48,69,45
01204232009,3,s,X,,,,64,31,33,23
01204232010,3,s,PO,,,,176,77,99,59
012042330,2,s,O,,,,1929,887,1042,869
01204233001,3,s,OP,,,,196,94,102,94
01204233002,3,s,OQ,,,,236,110,126,105
01204233003,3,s,OR,,,,273,123,150,135
01204233004,3,s,OS,,,,196,89,107,99
01204233005,3,s,OT,,,,242,104,138,109
01204233006,3,s,OU,,,,123,58,65,56
01204233007,3,s,OV,,,,214,100,114,97
01204233008,3,s,OW,,,,188,83,105,81
01204233009,3,s,OX,,,,83,38,45,35
01204233010,3,s,OPO,,,,178,88,90,58
012042340,2,s,l,,,,2090,959,1131,910
01204234001,3,s,lP,,,,222,101,121,100
01204234002,3,s,lQ,,,,240,98,142,111
01204234003,3,s,lR,,,,285,131,154,125
01204234004,3,s,lS,,,,279,124,155,139
01204234005,3,s,lT,,,,264,130,134,124
01204234006,3,s,lU,,,,56,20,36,26
01204234007,3,s,lV,,,,161,70,91,71
01204234008,3,s,lW,,,,299,147,152,116
01204234009,3,s,lX,,,,92,46,46,33
01204234010,3,s,lPO,,,,192,92,100,65
012042350,2,s,܏,,,,2360,1090,1270,1083
01204235001,3,s,܏P,,,,444,200,244,225
01204235002,3,s,܏Q,,,,311,138,173,144
01204235003,3,s,܏R,,,,191,86,105,93
01204235004,3,s,܏S,,,,310,145,165,152
01204235005,3,s,܏T,,,,232,112,120,113
01204235006,3,s,܏U,,,,200,88,112,88
01204235007,3,s,܏V,,,,174,82,92,76
01204235008,3,s,܏W,,,,202,98,104,87
01204235009,3,s,܏X,,,,75,37,38,26
01204235010,3,s,܏PO,,,,221,104,117,79
012042360,2,s,Z,,,,2306,1062,1244,1058
01204236001,3,s,ZP,,,,283,122,161,138
01204236002,3,s,ZQ,,,,290,131,159,133
01204236003,3,s,ZR,,,,274,131,143,145
01204236004,3,s,ZS,,,,135,51,84,70
01204236005,3,s,ZT,,,,373,186,187,162
01204236006,3,s,ZU,,,,293,130,163,127
01204236007,3,s,ZV,,,,154,72,82,76
01204236008,3,s,ZW,,,,241,113,128,108
01204236009,3,s,ZX,,,,72,37,35,29
01204236010,3,s,ZPO,,,,191,89,102,70
012042370,2,s,,,,,2055,965,1090,903
01204237001,3,s,P,,,,264,128,136,123
01204237002,3,s,Q,,,,299,128,171,125
01204237003,3,s,R,,,,300,147,153,120
01204237004,3,s,S,,,,199,89,110,93
01204237005,3,s,T,,,,206,98,108,100
01204237006,3,s,U,,,,204,92,112,91
01204237007,3,s,V,,,,184,86,98,88
01204237008,3,s,W,,,,160,81,79,73
01204237009,3,s,X,,,,47,21,26,21
01204237010,3,s,PO,,,,192,95,97,69
012042380,2,s,,,,,1669,779,890,740
01204238001,3,s,P,,,,103,46,57,53
01204238002,3,s,Q,,,,191,89,102,91
01204238003,3,s,R,,,,177,82,95,100
01204238004,3,s,S,,,,266,117,149,128
01204238005,3,s,T,,,,211,104,107,85
01204238006,3,s,U,,,,194,95,99,82
01204238007,3,s,V,,,,182,89,93,74
01204238008,3,s,W,,,,112,57,55,49
01204238009,3,s,X,,,,73,26,47,29
01204238010,3,s,PO,,,,160,74,86,49
012042390,2,s,,,,,1925,874,1051,862
01204239001,3,s,P,,,,327,148,179,155
01204239002,3,s,Q,,,,146,63,83,68
01204239003,3,s,R,,,,202,88,114,86
01204239004,3,s,S,,,,170,83,87,82
01204239005,3,s,T,,,,338,156,182,153
01204239006,3,s,U,,,,218,96,122,98
01204239007,3,s,V,,,,170,79,91,71
01204239008,3,s,W,,,,222,101,121,99
01204239009,3,s,X,,,,60,31,29,26
01204239010,3,s,PO,,,,72,29,43,24
012042400,2,s,\,,,,2078,878,1200,982
01204240001,3,s,\P,,,,273,111,162,137
01204240002,3,s,\Q,,,,245,117,128,125
01204240003,3,s,\R,,,,534,196,338,264
01204240004,3,s,\S,,,,185,77,108,92
01204240005,3,s,\T,,,,259,121,138,118
01204240006,3,s,\U,,,,209,96,113,94
01204240007,3,s,\V,,,,121,49,72,50
01204240008,3,s,\W,,,,181,77,104,76
01204240009,3,s,\X,,,,71,34,37,26
012042410,2,s,\,,,,1733,789,944,816
01204241001,3,s,\P,,,,278,127,151,123
01204241002,3,s,\Q,,,,285,125,160,156
01204241003,3,s,\R,,,,153,63,90,79
01204241004,3,s,\S,,,,247,110,137,127
01204241005,3,s,\T,,,,232,111,121,94
01204241006,3,s,\U,,,,189,93,96,84
01204241007,3,s,\V,,,,85,43,42,31
01204241008,3,s,\W,,,,205,87,118,95
01204241009,3,s,\X,,,,59,30,29,27
012042420,2,s,\,,,,2025,893,1132,889
01204242001,3,s,\P,,,,127,61,66,61
01204242002,3,s,\Q,,,,297,137,160,137
01204242003,3,s,\R,,,,272,117,155,103
01204242004,3,s,\S,,,,402,152,250,207
01204242005,3,s,\T,,,,230,108,122,104
01204242006,3,s,\U,,,,94,46,48,42
01204242007,3,s,\V,,,,258,116,142,106
01204242008,3,s,\W,,,,284,132,152,103
01204242009,3,s,\X,,,,61,24,37,26
012042430,2,s,\O,,,,2089,963,1126,926
01204243001,3,s,\OP,,,,368,176,192,163
01204243002,3,s,\OQ,,,,330,153,177,156
01204243003,3,s,\OR,,,,302,136,166,144
01204243004,3,s,\OS,,,,241,109,132,116
01204243005,3,s,\OT,,,,209,91,118,93
01204243006,3,s,\OU,,,,207,91,116,88
01204243007,3,s,\OV,,,,175,83,92,75
01204243008,3,s,\OW,,,,172,82,90,60
01204243009,3,s,\OX,,,,85,42,43,31
012042440,2,s,\l,,,,1761,816,945,769
01204244001,3,s,\lP,,,,61,26,35,23
01204244002,3,s,\lQ,,,,298,135,163,137
01204244003,3,s,\lR,,,,247,112,135,116
01204244004,3,s,\lS,,,,202,94,108,87
01204244005,3,s,\lT,,,,209,97,112,104
01204244006,3,s,\lU,,,,205,92,113,85
01204244007,3,s,\lV,,,,252,119,133,95
01204244008,3,s,\lW,,,,218,106,112,88
01204244009,3,s,\lX,,,,69,35,34,34
012042450,2,s,\܏,,,,1228,559,669,509
01204245002,3,s,\܏Q,,,,63,32,31,27
01204245003,3,s,\܏R,,,,174,74,100,81
01204245004,3,s,\܏S,,,,297,139,158,136
01204245005,3,s,\܏T,,,,135,52,83,59
01204245006,3,s,\܏U,,,,167,79,88,63
01204245007,3,s,\܏V,,,,130,60,70,46
01204245008,3,s,\܏W,,,,189,91,98,70
01204245009,3,s,\܏X,,,,73,32,41,27
012042460,2,s,\Z,,,,1255,559,696,514
01204246003,3,s,\ZR,,,,147,67,80,66
01204246004,3,s,\ZS,,,,244,101,143,111
01204246005,3,s,\ZT,,,,181,81,100,80
01204246006,3,s,\ZU,,,,259,113,146,97
01204246007,3,s,\ZV,,,,117,53,64,43
01204246008,3,s,\ZW,,,,224,107,117,86
01204246009,3,s,\ZX,,,,83,37,46,31
012042470,2,s,\,,,,843,377,466,342
01204247004,3,s,\S,,,,172,82,90,78
01204247005,3,s,\T,,,,179,82,97,91
01204247006,3,s,\U,,,,77,38,39,30
01204247007,3,s,\V,,,,263,116,147,98
01204247008,3,s,\W,,,,52,15,37,11
01204247009,3,s,\X,,,,100,44,56,34
012042480,2,s,\,,,,1174,562,612,453
01204248004,3,s,\S,,,,217,98,119,110
01204248005,3,s,\T,,,,210,99,111,89
01204248006,3,s,\U,,,,158,71,87,63
01204248007,3,s,\V,,,,233,108,125,87
01204248008,3,s,\W,,,,179,89,90,54
01204248009,3,s,\X,,,,177,97,80,50
012042510,2,s,,,,,623,293,330,331
01204251020,3,s,ʂQO,,,,84,57,27,53
01204251021,3,s,ʂQP,,,,35,18,17,13
01204251022,3,s,ʂQQ,,,,38,17,21,19
01204251023,3,s,ʂQR,,,,151,65,86,67
01204251024,3,s,ʂQS,,,,96,48,48,52
01204251025,3,s,ʂQT,,,,104,40,64,47
01204251026,3,s,ʂQU,,,,115,48,67,80
012042520,2,s,,,,,798,372,426,395
01204252020,3,s,ʂQO,,,,51,28,23,25
01204252021,3,s,ʂQP,,,,70,33,37,33
01204252022,3,s,ʂQQ,,,,35,13,22,19
01204252023,3,s,ʂQR,,,,149,73,76,64
01204252024,3,s,ʂQS,,,,169,76,93,78
01204252025,3,s,ʂQT,,,,194,88,106,109
01204252026,3,s,ʂQU,,,,130,61,69,67
012042530,2,s,O,,,,799,370,429,395
01204253021,3,s,OʂQP,,,,66,30,36,34
01204253022,3,s,OʂQQ,,,,107,45,62,43
01204253023,3,s,OʂQR,,,,125,63,62,56
01204253024,3,s,OʂQS,,,,133,63,70,64
01204253025,3,s,OʂQT,,,,167,78,89,93
01204253026,3,s,OʂQU,,,,201,91,110,105
012042540,2,s,l,,,,634,284,350,327
01204254021,3,s,lʂQP,,,,83,39,44,40
01204254022,3,s,lʂQQ,,,,109,48,61,81
01204254023,3,s,lʂQR,,,,49,20,29,28
01204254024,3,s,lʂQS,,,,71,31,40,38
01204254025,3,s,lʂQT,,,,102,43,59,47
01204254026,3,s,lʂQU,,,,220,103,117,93
012042550,2,s,܏,,,,622,273,349,289
01204255021,3,s,܏ʂQP,,,,71,33,38,38
01204255022,3,s,܏ʂQQ,,,,83,38,45,41
01204255023,3,s,܏ʂQR,,,,9,2,7,3
01204255024,3,s,܏ʂQS,,,,6,2,4,2
01204255025,3,s,܏ʂQT,,,,152,65,87,59
01204255026,3,s,܏ʂQU,,,,301,133,168,146
012042560,2,s,Z,,,,615,268,347,289
01204256016,3,s,ZʂPU,,,,28,16,12,15
01204256017,3,s,ZʂPV,,,,53,25,28,28
01204256018,3,s,ZʂPW,,,,6,3,3,3
01204256021,3,s,ZʂQP,,,,21,10,11,10
01204256022,3,s,ZʂQQ,,,,59,24,35,33
01204256023,3,s,ZʂQR,,,,35,17,18,15
01204256024,3,s,ZʂQS,,,,50,21,29,22
01204256025,3,s,ZʂQT,,,,160,70,90,66
01204256026,3,s,ZʂQU,,,,203,82,121,97
012042570,2,s,쎵,,,,824,375,449,375
01204257017,3,s,쎵ʂPV,,,,1,-,1,1
01204257018,3,s,쎵ʂPW,,,,2,1,1,1
01204257020,3,s,쎵ʂQO,,,,93,43,50,36
01204257021,3,s,쎵ʂQP,,,,74,31,43,34
01204257022,3,s,쎵ʂQQ,,,,53,25,28,28
01204257023,3,s,쎵ʂQR,,,,78,37,41,28
01204257024,3,s,쎵ʂQS,,,,70,30,40,36
01204257025,3,s,쎵ʂQT,,,,180,74,106,83
01204257026,3,s,쎵ʂQU,,,,273,134,139,128
012042580,2,s,씪,,,,710,348,362,330
01204258020,3,s,씪ʂQO,,,,55,27,28,19
01204258021,3,s,씪ʂQP,,,,58,33,25,29
01204258022,3,s,씪ʂQQ,,,,126,56,70,68
01204258023,3,s,씪ʂQR,,,,19,12,7,15
01204258024,3,s,씪ʂQS,,,,83,39,44,40
01204258025,3,s,씪ʂQT,,,,202,97,105,84
01204258026,3,s,씪ʂQU,,,,167,84,83,75
012042590,2,s,,,,,221,108,113,93
012042700,2,s,_,,,,290,121,169,98
012042710,2,s,_,,,,922,426,496,378
01204271003,3,s,_R,,,,29,14,15,12
01204271004,3,s,_S,,,,141,64,77,52
01204271005,3,s,_T,,,,752,348,404,314
012042720,2,s,_,,,,1570,736,834,763
01204272001,3,s,_P,,,,210,89,121,98
01204272002,3,s,_Q,,,,342,161,181,221
01204272003,3,s,_R,,,,229,107,122,86
01204272004,3,s,_S,,,,447,215,232,211
01204272005,3,s,_T,,,,342,164,178,147
012042730,2,s,_O,,,,778,369,409,423
01204273001,3,s,_OP,,,,99,50,49,41
01204273002,3,s,_OQ,,,,64,33,31,44
01204273003,3,s,_OR,,,,81,39,42,39
01204273004,3,s,_OS,,,,388,168,220,194
01204273005,3,s,_OT,,,,146,79,67,105
012042910,2,s,Vx,,,,1264,594,670,546
01204291001,3,s,VxP,,,,441,203,238,192
01204291002,3,s,VxQ,,,,303,153,150,131
01204291003,3,s,VxR,,,,520,238,282,223
012042920,2,s,Vx,,,,1026,505,521,554
01204292001,3,s,VxP,,,,469,236,233,255
01204292002,3,s,VxQ,,,,557,269,288,299
012042930,2,s,VxO,,,,595,288,307,254
01204293001,3,s,VxOP,,,,444,211,233,195
01204293002,3,s,VxOQ,,,,151,77,74,59
012043010,2,s,,,,,362,170,192,226
01204301001,3,s,P,,,,80,35,45,54
01204301002,3,s,Q,,,,127,62,65,80
01204301003,3,s,R,,,,120,54,66,67
01204301004,3,s,S,,,,35,19,16,25
012043020,2,s,,,,,551,250,301,316
01204302001,3,s,P,,,,100,47,53,49
01204302002,3,s,Q,,,,110,49,61,68
01204302003,3,s,R,,,,208,87,121,111
01204302004,3,s,S,,,,133,67,66,88
012043030,2,s,O,,,,1525,691,834,806
01204303001,3,s,OP,,,,33,9,24,6
01204303002,3,s,OQ,,,,216,94,122,136
01204303003,3,s,OR,,,,208,93,115,112
01204303004,3,s,OS,,,,77,31,46,38
01204303005,3,s,OT,,,,35,13,22,14
01204303006,3,s,OU,,,,137,72,65,68
01204303007,3,s,OV,,,,155,75,80,74
01204303008,3,s,OW,,,,268,121,147,149
01204303009,3,s,OX,,,,135,65,70,77
01204303010,3,s,OPO,,,,69,29,40,29
01204303011,3,s,OPP,,,,192,89,103,103
012043040,2,s,l,,,,877,407,470,431
01204304001,3,s,lP,,,,-,-,-,-
01204304002,3,s,lQ,,,,103,50,53,59
01204304003,3,s,lR,,,,120,59,61,46
01204304004,3,s,lS,,,,76,34,42,43
01204304005,3,s,lT,,,,52,24,28,24
01204304006,3,s,lU,,,,118,57,61,67
01204304007,3,s,lV,,,,52,22,30,27
01204304008,3,s,lW,,,,83,34,49,33
01204304009,3,s,lX,,,,39,22,17,17
01204304010,3,s,lPO,,,,111,47,64,57
01204304011,3,s,lPP,,,,123,58,65,58
012043050,2,s,܏,,,,1224,579,645,577
01204305001,3,s,܏P,,,,-,-,-,-
01204305002,3,s,܏Q,,,,165,70,95,77
01204305003,3,s,܏R,,,,152,89,63,81
01204305004,3,s,܏S,,,,110,49,61,47
01204305005,3,s,܏T,,,,43,20,23,19
01204305006,3,s,܏U,,,,124,57,67,57
01204305007,3,s,܏V,,,,181,91,90,91
01204305008,3,s,܏W,,,,131,58,73,55
01204305009,3,s,܏X,,,,66,31,35,28
01204305010,3,s,܏PO,,,,147,67,80,72
01204305011,3,s,܏PP,,,,105,47,58,50
012043060,2,s,Z,,,,917,405,512,446
01204306001,3,s,ZP,,,,173,82,91,98
01204306002,3,s,ZQ,,,,219,90,129,116
01204306003,3,s,ZR,,,,63,29,34,34
01204306004,3,s,ZS,,,,80,39,41,41
01204306005,3,s,ZT,,,,46,17,29,15
01204306006,3,s,ZU,,,,120,51,69,50
01204306007,3,s,ZV,,,,64,30,34,23
01204306008,3,s,ZW,,,,69,28,41,34
01204306009,3,s,ZX,,,,8,5,3,4
01204306010,3,s,ZPO,,,,75,34,41,31
012043070,2,s,,,,,1209,546,663,599
01204307001,3,s,P,,,,139,64,75,79
01204307002,3,s,Q,,,,165,77,88,88
01204307003,3,s,R,,,,109,55,54,56
01204307004,3,s,S,,,,40,18,22,15
01204307005,3,s,T,,,,59,23,36,27
01204307006,3,s,U,,,,142,65,77,82
01204307007,3,s,V,,,,97,44,53,35
01204307008,3,s,W,,,,201,82,119,91
01204307009,3,s,X,,,,200,93,107,103
01204307010,3,s,PO,,,,57,25,32,23
012043080,2,s,,,,,1112,522,590,596
01204308001,3,s,P,,,,220,102,118,132
01204308002,3,s,Q,,,,193,94,99,111
01204308003,3,s,R,,,,128,58,70,53
01204308004,3,s,S,,,,107,49,58,61
01204308005,3,s,T,,,,111,51,60,55
01204308006,3,s,U,,,,238,116,122,131
01204308007,3,s,V,,,,115,52,63,53
01204308008,3,s,W,,,,-,-,-,-
01204308009,3,s,X,,,,-,-,-,-
012043200,2,s,pv,,,,-,-,-,-
012043210,2,s,pv,,,,2,1,1,1
01204321001,3,s,pvP,,,,-,-,-,-
01204321004,3,s,pvS,,,,2,1,1,1
01204321005,3,s,pvT,,,,-,-,-,-
01204321006,3,s,pvU,,,,-,-,-,-
01204321007,3,s,pvV,,,,-,-,-,-
01204321008,3,s,pvW,,,,-,-,-,-
012043220,2,s,pv,,,,140,80,60,59
01204322006,3,s,pvU,,,,57,29,28,24
01204322007,3,s,pvV,,,,-,-,-,-
01204322008,3,s,pvW,,,,83,51,32,35
012043310,2,s,,,,,383,174,209,177
01204331001,3,s,P,,,,193,86,107,70
01204331002,3,s,Q,,,,96,44,52,52
01204331003,3,s,R,,,,94,44,50,55
012043320,2,s,V,,,,548,268,280,238
012043340,2,s,,,,,639,301,338,328
01204334001,3,s,ʂP,,,,36,18,18,25
01204334002,3,s,ʂQ,,,,2,-,2,2
01204334003,3,s,ʂR,,,,21,9,12,13
01204334004,3,s,ʂS,,,,53,25,28,23
01204334005,3,s,ʂT,,,,7,3,4,2
01204334006,3,s,ʂU,,,,61,33,28,23
01204334007,3,s,ʂV,,,,222,99,123,96
01204334008,3,s,ʂW,,,,43,15,28,24
01204334009,3,s,ʂX,,,,194,99,95,120
012043410,2,s,,,,,3241,1484,1757,1668
01204341001,3,s,P,,,,322,141,181,174
01204341002,3,s,Q,,,,154,72,82,90
01204341003,3,s,R,,,,221,81,140,59
01204341004,3,s,S,,,,228,102,126,125
01204341005,3,s,T,,,,229,107,122,158
01204341006,3,s,U,,,,96,45,51,50
01204341007,3,s,V,,,,-,-,-,-
01204341008,3,s,W,,,,210,97,113,105
01204341009,3,s,X,,,,147,64,83,89
01204341010,3,s,PO,,,,82,41,41,59
01204341011,3,s,PP,,,,185,97,88,130
01204341012,3,s,PQ,,,,136,62,74,80
01204341013,3,s,PR,,,,191,85,106,97
01204341014,3,s,PS,,,,140,68,72,72
01204341015,3,s,PT,,,,136,63,73,56
01204341016,3,s,PU,,,,104,49,55,48
01204341017,3,s,PV,,,,142,72,70,53
01204341018,3,s,PW,,,,169,80,89,74
01204341019,3,s,PX,,,,119,54,65,50
01204341020,3,s,QO,,,,183,84,99,78
01204341021,3,s,QP,,,,47,20,27,21
012043420,2,s,,,,,3083,1413,1670,1476
01204342001,3,s,P,,,,258,141,117,127
01204342002,3,s,Q,,,,181,78,103,112
01204342003,3,s,R,,,,164,71,93,95
01204342004,3,s,S,,,,85,34,51,44
01204342005,3,s,T,,,,137,63,74,71
01204342006,3,s,U,,,,93,44,49,40
01204342007,3,s,V,,,,67,33,34,37
01204342008,3,s,W,,,,77,30,47,43
01204342009,3,s,X,,,,108,47,61,50
01204342010,3,s,PO,,,,78,37,41,45
01204342011,3,s,PP,,,,225,97,128,101
01204342012,3,s,PQ,,,,272,114,158,122
01204342013,3,s,PR,,,,288,131,157,133
01204342014,3,s,PS,,,,249,103,146,109
01204342015,3,s,PT,,,,138,70,68,60
01204342016,3,s,PU,,,,106,53,53,49
01204342017,3,s,PV,,,,215,114,101,84
01204342018,3,s,PW,,,,139,58,81,68
01204342019,3,s,PX,,,,125,63,62,52
01204342020,3,s,QO,,,,78,32,46,34
012043510,2,s,咬,,,,3453,1591,1862,1677
01204351001,3,s,咬P,,,,196,93,103,114
01204351002,3,s,咬Q,,,,208,87,121,120
01204351003,3,s,咬R,,,,210,91,119,111
01204351004,3,s,咬S,,,,320,155,165,154
01204351005,3,s,咬T,,,,135,62,73,81
01204351006,3,s,咬U,,,,138,66,72,79
01204351007,3,s,咬V,,,,27,11,16,18
01204351008,3,s,咬W,,,,221,92,129,106
01204351009,3,s,咬X,,,,177,78,99,77
01204351010,3,s,咬PO,,,,104,54,50,52
01204351011,3,s,咬PP,,,,184,84,100,98
01204351012,3,s,咬PQ,,,,237,113,124,129
01204351013,3,s,咬PR,,,,194,97,97,90
01204351014,3,s,咬PS,,,,167,73,94,78
01204351015,3,s,咬PT,,,,253,122,131,103
01204351016,3,s,咬PU,,,,162,69,93,71
01204351017,3,s,咬PV,,,,152,74,78,56
01204351018,3,s,咬PW,,,,150,68,82,62
01204351019,3,s,咬PX,,,,197,92,105,71
01204351020,3,s,咬QO,,,,21,10,11,7
012043520,2,s,咬,,,,2934,1362,1572,1398
01204352001,3,s,咬P,,,,365,174,191,174
01204352002,3,s,咬Q,,,,176,79,97,106
01204352003,3,s,咬R,,,,77,44,33,59
01204352004,3,s,咬S,,,,145,70,75,68
01204352005,3,s,咬T,,,,192,84,108,100
01204352006,3,s,咬U,,,,96,46,50,43
01204352007,3,s,咬V,,,,2,1,1,1
01204352008,3,s,咬W,,,,154,73,81,85
01204352009,3,s,咬X,,,,238,107,131,109
01204352010,3,s,咬PO,,,,94,40,54,44
01204352011,3,s,咬PP,,,,147,64,83,87
01204352012,3,s,咬PQ,,,,188,83,105,76
01204352013,3,s,咬PR,,,,165,87,78,76
01204352014,3,s,咬PS,,,,101,41,60,53
01204352015,3,s,咬PT,,,,249,122,127,66
01204352016,3,s,咬PU,,,,149,69,80,72
01204352017,3,s,咬PV,,,,124,58,66,54
01204352018,3,s,咬PW,,,,154,68,86,65
01204352019,3,s,咬PX,,,,118,52,66,60
012043530,2,s,咬O,,,,37,20,17,20
01204353004,3,s,咬OS,,,,-,-,-,-
01204353005,3,s,咬OT,,,,12,6,6,7
01204353006,3,s,咬OU,,,,6,4,2,2
01204353007,3,s,咬OV,,,,-,-,-,-
01204353008,3,s,咬OW,,,,3,1,2,2
01204353009,3,s,咬OX,,,,16,9,7,9
012043610,2,s,[,,,,370,174,196,185
01204361004,3,s,[S,,,,63,26,37,31
01204361005,3,s,[T,,,,67,32,35,38
01204361006,3,s,[U,,,,124,63,61,70
01204361007,3,s,[V,,,,116,53,63,46
012043620,2,s,[,,,,435,186,249,204
01204362004,3,s,[S,,,,52,23,29,31
01204362005,3,s,[T,,,,138,55,83,61
01204362006,3,s,[U,,,,70,27,43,32
01204362007,3,s,[V,,,,175,81,94,80
012043630,2,s,[O,,,,918,413,505,526
01204363004,3,s,[OS,,,,63,27,36,32
01204363005,3,s,[OT,,,,85,43,42,37
01204363006,3,s,[OU,,,,252,117,135,136
01204363007,3,s,[OV,,,,323,151,172,199
01204363008,3,s,[OW,,,,195,75,120,122
012043640,2,s,[l,,,,1432,679,753,725
01204364004,3,s,[lS,,,,35,15,20,20
01204364005,3,s,[lT,,,,60,29,31,32
01204364006,3,s,[lU,,,,198,82,116,95
01204364007,3,s,[lV,,,,211,98,113,98
01204364008,3,s,[lW,,,,391,184,207,190
01204364009,3,s,[lX,,,,326,160,166,164
01204364010,3,s,[lPO,,,,211,111,100,126
012043650,2,s,[܏,,,,401,181,220,178
01204365007,3,s,[܏V,,,,73,31,42,33
01204365008,3,s,[܏W,,,,167,83,84,73
01204365009,3,s,[܏X,,,,4,3,1,2
01204365010,3,s,[܏PO,,,,157,64,93,70
012043660,2,s,[Z,,,,440,190,250,232
01204366009,3,s,[ZX,,,,250,107,143,128
01204366010,3,s,[ZPO,,,,190,83,107,104
012043670,2,s,[,,,,25,12,13,10
012043800,2,s,,,,,1457,680,777,607
01204380001,3,s,P,,,,234,116,118,95
01204380002,3,s,Q,,,,315,146,169,132
01204380003,3,s,R,,,,112,53,59,56
01204380004,3,s,S,,,,155,72,83,65
01204380005,3,s,T,,,,351,165,186,144
01204380006,3,s,U,,,,290,128,162,115
012043810,2,s,ߕ,,,,1900,914,986,816
01204381011,3,s,ߕPP,,,,75,38,37,28
01204381012,3,s,ߕPQ,,,,116,54,62,50
01204381013,3,s,ߕPR,,,,101,57,44,41
01204381014,3,s,ߕPS,,,,107,61,46,50
01204381015,3,s,ߕPT,,,,138,64,74,60
01204381016,3,s,ߕPU,,,,74,42,32,38
01204381017,3,s,ߕPV,,,,67,23,44,3
01204381018,3,s,ߕPW,,,,5,3,2,2
01204381019,3,s,ߕPX,,,,18,6,12,8
01204381020,3,s,ߕQO,,,,-,-,-,-
01204381021,3,s,ߕQP,,,,24,12,12,12
01204381022,3,s,ߕQQ,,,,84,38,46,52
01204381023,3,s,ߕQR,,,,211,101,110,78
01204381024,3,s,ߕQS,,,,125,65,60,54
01204381025,3,s,ߕQT,,,,755,350,405,340
012043820,2,s,ђ,,,,3953,1767,2186,1733
01204382011,3,s,ђPP,,,,146,59,87,83
01204382012,3,s,ђPQ,,,,402,189,213,187
01204382013,3,s,ђPR,,,,378,179,199,170
01204382014,3,s,ђPS,,,,416,190,226,205
01204382015,3,s,ђPT,,,,323,146,177,151
01204382016,3,s,ђPU,,,,341,149,192,146
01204382017,3,s,ђPV,,,,360,162,198,158
01204382018,3,s,ђPW,,,,358,128,230,111
01204382019,3,s,ђPX,,,,298,134,164,131
01204382020,3,s,ђQO,,,,246,121,125,103
01204382021,3,s,ђQP,,,,219,95,124,86
01204382022,3,s,ђQQ,,,,181,81,100,79
01204382023,3,s,ђQR,,,,215,99,116,91
01204382024,3,s,ђQS,,,,70,35,35,32
012043830,2,s,ԍ璬,,,,1393,693,700,673
01204383001,3,s,ԍ璬P,,,,397,179,218,180
01204383002,3,s,ԍ璬Q,,,,58,31,27,18
01204383003,3,s,ԍ璬R,,,,168,91,77,71
01204383004,3,s,ԍ璬S,,,,131,98,33,102
01204383005,3,s,ԍ璬T,,,,5,2,3,1
01204383006,3,s,ԍ璬U,,,,194,89,105,111
01204383007,3,s,ԍ璬V,,,,440,203,237,190
012043840,2,s,k咬,,,,4360,2044,2316,2087
01204384007,3,s,k咬V,,,,103,48,55,48
01204384008,3,s,k咬W,,,,171,117,54,48
01204384009,3,s,k咬X,,,,166,75,91,102
01204384011,3,s,k咬PP,,,,169,77,92,109
01204384012,3,s,k咬PQ,,,,520,220,300,281
01204384013,3,s,k咬PR,,,,430,200,230,209
01204384014,3,s,k咬PS,,,,303,139,164,134
01204384015,3,s,k咬PT,,,,328,147,181,176
01204384016,3,s,k咬PU,,,,403,198,205,186
01204384017,3,s,k咬PV,,,,309,145,164,128
01204384018,3,s,k咬PW,,,,147,74,73,77
01204384019,3,s,k咬PX,,,,400,185,215,194
01204384020,3,s,k咬QO,,,,437,205,232,191
01204384021,3,s,k咬QP,,,,287,128,159,123
01204384022,3,s,k咬QQ,,,,187,86,101,81
012043850,2,s,Β,,,,3152,1434,1718,1408
01204385012,3,s,ΒPQ,,,,368,169,199,151
01204385013,3,s,ΒPR,,,,155,71,84,68
01204385014,3,s,ΒPS,,,,87,38,49,43
01204385015,3,s,ΒPT,,,,260,125,135,125
01204385016,3,s,ΒPU,,,,239,108,131,105
01204385017,3,s,ΒPV,,,,198,85,113,91
01204385018,3,s,ΒPW,,,,237,109,128,101
01204385019,3,s,ΒPX,,,,361,164,197,159
01204385020,3,s,ΒQO,,,,251,110,141,113
01204385021,3,s,ΒQP,,,,214,103,111,93
01204385022,3,s,ΒQQ,,,,116,51,65,58
01204385023,3,s,ΒQR,,,,195,97,98,88
01204385024,3,s,ΒQS,,,,276,114,162,130
01204385025,3,s,ΒQT,,,,195,90,105,83
012043860,2,s,{,,,,379,151,228,198
01204386001,3,s,{P,,,,32,18,14,13
01204386002,3,s,{Q,,,,252,92,160,146
01204386003,3,s,{R,,,,95,41,54,39
012044000,2,s,t,,,,298,121,177,136
012044010,2,s,t,,,,1253,496,757,664
01204401007,3,s,tV,,,,459,176,283,231
01204401008,3,s,tW,,,,417,156,261,248
01204401009,3,s,tX,,,,377,164,213,185
012044020,2,s,t,,,,1806,861,945,826
01204402007,3,s,tV,,,,977,478,499,456
01204402008,3,s,tW,,,,359,166,193,163
01204402009,3,s,tX,,,,470,217,253,207
012044030,2,s,tO,,,,1038,450,588,409
01204403006,3,s,tOU,,,,7,5,2,6
01204403007,3,s,tOV,,,,396,174,222,143
01204403008,3,s,tOW,,,,348,149,199,135
01204403009,3,s,tOX,,,,287,122,165,125
012044040,2,s,tl,,,,2374,1096,1278,1148
01204404001,3,s,tlP,,,,-,-,-,-
01204404002,3,s,tlQ,,,,42,-,42,1
01204404003,3,s,tlR,,,,390,228,162,188
01204404004,3,s,tlS,,,,538,215,323,263
01204404005,3,s,tlT,,,,161,78,83,71
01204404006,3,s,tlU,,,,181,80,101,83
01204404007,3,s,tlV,,,,290,163,127,174
01204404008,3,s,tlW,,,,408,187,221,189
01204404009,3,s,tlX,,,,364,145,219,179
012044050,2,s,t܏,,,,3394,1593,1801,1536
01204405001,3,s,t܏P,,,,324,146,178,156
01204405002,3,s,t܏Q,,,,278,117,161,114
01204405003,3,s,t܏R,,,,320,165,155,144
01204405004,3,s,t܏S,,,,193,102,91,99
01204405005,3,s,t܏T,,,,326,163,163,153
01204405006,3,s,t܏U,,,,406,194,212,167
01204405007,3,s,t܏V,,,,417,180,237,181
01204405008,3,s,t܏W,,,,708,337,371,325
01204405009,3,s,t܏X,,,,422,189,233,197
012044060,2,s,tZ,,,,3035,1375,1660,1302
01204406001,3,s,tZP,,,,369,164,205,154
01204406002,3,s,tZQ,,,,353,157,196,150
01204406003,3,s,tZR,,,,341,160,181,140
01204406004,3,s,tZS,,,,225,107,118,116
01204406005,3,s,tZT,,,,343,156,187,144
01204406006,3,s,tZU,,,,85,43,42,33
01204406007,3,s,tZV,,,,275,124,151,118
01204406008,3,s,tZW,,,,535,247,288,226
01204406009,3,s,tZX,,,,509,217,292,221
012044070,2,s,t,,,,2160,1014,1146,925
01204407002,3,s,tQ,,,,232,109,123,96
01204407003,3,s,tR,,,,405,223,182,131
01204407005,3,s,tT,,,,205,90,115,109
01204407006,3,s,tU,,,,327,151,176,136
01204407007,3,s,tV,,,,339,151,188,144
01204407008,3,s,tW,,,,474,203,271,210
01204407009,3,s,tX,,,,178,87,91,99
012044100,2,s,tLԒn,,,,819,744,75,41
012044210,2,s,t,,,,2265,1071,1194,891
01204421001,3,s,tP,,,,241,124,117,94
01204421002,3,s,tQ,,,,363,163,200,167
01204421003,3,s,tR,,,,377,166,211,159
01204421004,3,s,tS,,,,365,180,185,153
01204421005,3,s,tT,,,,284,139,145,125
01204421006,3,s,tU,,,,177,100,77,73
01204421007,3,s,tV,,,,287,113,174,67
01204421008,3,s,tW,,,,171,86,85,53
01204421009,3,s,tX,,,,-,-,-,-
01204421010,3,s,tPO,,,,-,-,-,-
01204421011,3,s,tPP,,,,-,-,-,-
01204421012,3,s,tPQ,,,,-,-,-,-
012044220,2,s,t,,,,2094,1075,1019,728
01204422001,3,s,tP,,,,263,121,142,107
01204422002,3,s,tQ,,,,511,354,157,109
01204422003,3,s,tR,,,,432,199,233,164
01204422004,3,s,tS,,,,285,141,144,128
01204422005,3,s,tT,,,,269,128,141,93
01204422006,3,s,tU,,,,92,23,69,31
01204422007,3,s,tV,,,,119,53,66,48
01204422008,3,s,tW,,,,118,54,64,46
01204422009,3,s,tX,,,,5,2,3,2
01204422010,3,s,tPO,,,,-,-,-,-
01204422011,3,s,tPP,,,,-,-,-,-
01204422012,3,s,tPQ,,,,-,-,-,-
012044230,2,s,tO,,,,2443,1162,1281,968
01204423001,3,s,tOP,,,,333,157,176,147
01204423002,3,s,tOQ,,,,349,168,181,137
01204423003,3,s,tOR,,,,355,165,190,146
01204423004,3,s,tOS,,,,287,132,155,120
01204423005,3,s,tOT,,,,244,110,134,95
01204423006,3,s,tOU,,,,219,105,114,87
01204423007,3,s,tOV,,,,274,130,144,100
01204423008,3,s,tOW,,,,273,142,131,97
01204423009,3,s,tOX,,,,109,53,56,39
01204423010,3,s,tOPO,,,,-,-,-,-
01204423011,3,s,tOPP,,,,-,-,-,-
01204423012,3,s,tOPQ,,,,-,-,-,-
012044240,2,s,tl,,,,3982,1824,2158,1306
01204424001,3,s,tlP,,,,243,105,138,99
01204424002,3,s,tlQ,,,,416,178,238,144
01204424003,3,s,tlR,,,,760,358,402,276
01204424004,3,s,tlS,,,,471,219,252,205
01204424005,3,s,tlT,,,,605,257,348,344
01204424006,3,s,tlU,,,,156,76,80,66
01204424007,3,s,tlV,,,,157,78,79,61
01204424008,3,s,tlW,,,,170,88,82,62
01204424009,3,s,tlX,,,,111,54,57,30
01204424010,3,s,tlPO,,,,475,267,208,13
01204424011,3,s,tlPP,,,,409,139,270,4
01204424012,3,s,tlPQ,,,,9,5,4,2
012044250,2,s,t܏,,,,1332,611,721,497
01204425001,3,s,t܏P,,,,290,126,164,101
01204425002,3,s,t܏Q,,,,246,109,137,66
01204425003,3,s,t܏R,,,,481,227,254,174
01204425004,3,s,t܏S,,,,314,149,165,155
01204425005,3,s,t܏T,,,,1,-,1,1
01204425006,3,s,t܏U,,,,-,-,-,-
01204425007,3,s,t܏V,,,,-,-,-,-
01204425008,3,s,t܏W,,,,-,-,-,-
01204425009,3,s,t܏X,,,,-,-,-,-
01204425010,3,s,t܏PO,,,,-,-,-,-
01204425011,3,s,t܏PP,,,,-,-,-,-
01204425012,3,s,t܏PQ,,,,-,-,-,-
012044310,2,s,L,,,,3663,1687,1976,1568
01204431001,3,s,LP,,,,509,257,252,238
01204431002,3,s,LQ,,,,362,166,196,168
01204431003,3,s,LR,,,,319,138,181,140
01204431004,3,s,LS,,,,324,148,176,129
01204431005,3,s,LT,,,,255,119,136,113
01204431006,3,s,LU,,,,270,118,152,109
01204431007,3,s,LV,,,,225,96,129,103
01204431008,3,s,LW,,,,261,120,141,105
01204431009,3,s,LX,,,,293,135,158,117
01204431010,3,s,LPO,,,,254,116,138,110
01204431011,3,s,LPP,,,,320,153,167,132
01204431012,3,s,LPQ,,,,199,87,112,74
01204431013,3,s,LPR,,,,59,30,29,21
01204431014,3,s,LPS,,,,10,4,6,8
01204431015,3,s,LPT,,,,3,-,3,1
012044320,2,s,L,,,,3414,1566,1848,1457
01204432001,3,s,LP,,,,304,141,163,143
01204432002,3,s,LQ,,,,320,155,165,162
01204432003,3,s,LR,,,,264,118,146,125
01204432004,3,s,LS,,,,288,138,150,132
01204432005,3,s,LT,,,,276,122,154,128
01204432006,3,s,LU,,,,345,153,192,149
01204432007,3,s,LV,,,,178,86,92,71
01204432008,3,s,LW,,,,335,166,169,123
01204432009,3,s,LX,,,,359,156,203,143
01204432010,3,s,LPO,,,,300,129,171,117
01204432011,3,s,LPP,,,,208,94,114,82
01204432012,3,s,LPQ,,,,185,85,100,69
01204432013,3,s,LPR,,,,52,23,29,13
012044330,2,s,LO,,,,1527,746,781,644
01204433001,3,s,LOP,,,,38,19,19,16
01204433002,3,s,LOQ,,,,178,91,87,71
01204433003,3,s,LOR,,,,406,196,210,199
01204433004,3,s,LOS,,,,288,144,144,131
01204433005,3,s,LOT,,,,322,150,172,117
01204433006,3,s,LOU,,,,239,120,119,94
01204433007,3,s,LOV,,,,56,26,30,16
012044410,2,s,L,,,,3312,1540,1772,1417
01204441001,3,s,LP,,,,128,68,60,59
01204441002,3,s,LQ,,,,330,151,179,159
01204441003,3,s,LR,,,,367,171,196,145
01204441004,3,s,LS,,,,229,105,124,102
01204441005,3,s,LT,,,,315,144,171,136
01204441006,3,s,LU,,,,281,124,157,132
01204441007,3,s,LV,,,,29,17,12,14
01204441008,3,s,LW,,,,246,111,135,102
01204441009,3,s,LX,,,,281,124,157,118
01204441010,3,s,LPO,,,,310,148,162,128
01204441011,3,s,LPP,,,,251,119,132,108
01204441012,3,s,LPQ,,,,189,88,101,76
01204441013,3,s,LPR,,,,96,45,51,32
01204441014,3,s,LPS,,,,211,102,109,90
01204441015,3,s,LPT,,,,49,23,26,16
012044420,2,s,L,,,,4190,1926,2264,1704
01204442001,3,s,LP,,,,303,129,174,145
01204442002,3,s,LQ,,,,376,176,200,167
01204442003,3,s,LR,,,,320,144,176,131
01204442004,3,s,LS,,,,279,137,142,127
01204442005,3,s,LT,,,,328,144,184,140
01204442006,3,s,LU,,,,360,161,199,165
01204442007,3,s,LV,,,,151,73,78,64
01204442008,3,s,LW,,,,315,138,177,126
01204442009,3,s,LX,,,,331,159,172,129
01204442010,3,s,LPO,,,,335,154,181,136
01204442011,3,s,LPP,,,,276,129,147,105
01204442012,3,s,LPQ,,,,347,153,194,121
01204442013,3,s,LPR,,,,56,29,27,21
01204442014,3,s,LPS,,,,222,104,118,67
01204442015,3,s,LPT,,,,191,96,95,60
012044430,2,s,LO,,,,2959,1363,1596,1207
01204443001,3,s,LOP,,,,209,90,119,92
01204443002,3,s,LOQ,,,,158,72,86,64
01204443003,3,s,LOR,,,,208,88,120,92
01204443004,3,s,LOS,,,,274,119,155,118
01204443005,3,s,LOT,,,,277,131,146,124
01204443006,3,s,LOU,,,,326,149,177,142
01204443007,3,s,LOV,,,,326,167,159,132
01204443008,3,s,LOW,,,,308,143,165,120
01204443009,3,s,LOX,,,,290,136,154,109
01204443010,3,s,LOPO,,,,198,93,105,75
01204443011,3,s,LOPP,,,,160,77,83,56
01204443012,3,s,LOPQ,,,,225,98,127,83
012044440,2,s,Ll,,,,3778,1776,2002,1552
01204444001,3,s,LlP,,,,137,61,76,61
01204444002,3,s,LlQ,,,,347,169,178,154
01204444003,3,s,LlR,,,,304,133,171,131
01204444004,3,s,LlS,,,,328,145,183,156
01204444005,3,s,LlT,,,,314,153,161,131
01204444006,3,s,LlU,,,,303,140,163,128
01204444007,3,s,LlV,,,,340,152,188,143
01204444008,3,s,LlW,,,,385,188,197,149
01204444009,3,s,LlX,,,,354,163,191,146
01204444010,3,s,LlPO,,,,343,167,176,126
01204444011,3,s,LlPP,,,,254,121,133,95
01204444012,3,s,LlPQ,,,,369,184,185,132
012044450,2,s,L܏,,,,3302,1503,1799,1364
01204445001,3,s,L܏P,,,,189,82,107,88
01204445002,3,s,L܏Q,,,,281,120,161,112
01204445003,3,s,L܏R,,,,283,125,158,106
01204445004,3,s,L܏S,,,,259,122,137,111
01204445005,3,s,L܏T,,,,289,133,156,139
01204445006,3,s,L܏U,,,,340,152,188,146
01204445007,3,s,L܏V,,,,364,163,201,148
01204445008,3,s,L܏W,,,,351,160,191,153
01204445009,3,s,L܏X,,,,353,163,190,148
01204445010,3,s,L܏PO,,,,230,109,121,83
01204445011,3,s,L܏PP,,,,189,92,97,66
01204445012,3,s,L܏PQ,,,,174,82,92,64
012044460,2,s,LZ,,,,3067,1460,1607,1212
01204446001,3,s,LZP,,,,350,173,177,147
01204446002,3,s,LZQ,,,,161,72,89,71
01204446003,3,s,LZR,,,,328,142,186,133
01204446004,3,s,LZS,,,,314,149,165,133
01204446005,3,s,LZT,,,,279,125,154,115
01204446006,3,s,LZU,,,,278,136,142,105
01204446007,3,s,LZV,,,,311,152,159,125
01204446008,3,s,LZW,,,,282,141,141,107
01204446009,3,s,LZX,,,,234,107,127,90
01204446010,3,s,LZPO,,,,161,78,83,55
01204446011,3,s,LZPP,,,,235,118,117,83
01204446012,3,s,LZPQ,,,,134,67,67,48
012044470,2,s,L,,,,479,228,251,189
01204447001,3,s,LP,,,,118,56,62,45
01204447002,3,s,LQ,,,,109,49,60,47
01204447003,3,s,LR,,,,109,51,58,38
01204447004,3,s,LS,,,,71,35,36,30
01204447005,3,s,LT,,,,57,30,27,24
01204447006,3,s,LU,,,,2,1,1,1
01204447007,3,s,LV,,,,-,-,-,-
01204447008,3,s,LW,,,,8,4,4,3
01204447009,3,s,LX,,,,-,-,-,-
01204447010,3,s,LPO,,,,5,2,3,1
01204447011,3,s,LPP,,,,-,-,-,-
01204447012,3,s,LPQ,,,,-,-,-,-
012044480,2,s,L,,,,761,265,496,127
01204448001,3,s,LP,,,,15,-,15,1
01204448002,3,s,LQ,,,,116,59,57,47
01204448003,3,s,LR,,,,193,82,111,65
01204448004,3,s,LS,,,,10,5,5,5
01204448005,3,s,LT,,,,55,15,40,4
01204448006,3,s,LU,,,,372,104,268,5
01204448007,3,s,LV,,,,-,-,-,-
01204448008,3,s,LW,,,,-,-,-,-
01204448009,3,s,LX,,,,-,-,-,-
01204448010,3,s,LPO,,,,-,-,-,-
01204448011,3,s,LPP,,,,-,-,-,-
01204448012,3,s,LPQ,,,,-,-,-,-
012044640,2,s,Zgl,,,,497,225,272,237
01204464001,3,s,ZglP,,,,220,106,114,96
01204464002,3,s,ZglQ,,,,277,119,158,141
012044650,2,s,Zg܏,,,,170,74,96,67
01204465001,3,s,Zg܏P,,,,-,-,-,-
01204465002,3,s,Zg܏Q,,,,170,74,96,67
012044660,2,s,ZgZ,,,,707,331,376,324
01204466001,3,s,ZgZP,,,,378,169,209,166
01204466002,3,s,ZgZQ,,,,329,162,167,158
012044670,2,s,Zg,,,,64,48,16,41
012045010,2,s,_,,,,2317,1066,1251,1031
01204501001,3,s,_P,,,,49,23,26,23
01204501002,3,s,_Q,,,,44,27,17,41
01204501003,3,s,_R,,,,116,54,62,53
01204501004,3,s,_S,,,,149,58,91,81
01204501005,3,s,_T,,,,81,38,43,37
01204501006,3,s,_U,,,,90,35,55,41
01204501007,3,s,_V,,,,131,63,68,61
01204501008,3,s,_W,,,,90,41,49,44
01204501009,3,s,_X,,,,172,75,97,71
01204501010,3,s,_PO,,,,75,34,41,34
01204501011,3,s,_PP,,,,144,65,79,73
01204501012,3,s,_PQ,,,,155,69,86,67
01204501013,3,s,_PR,,,,137,62,75,59
01204501014,3,s,_PS,,,,92,45,47,45
01204501015,3,s,_PT,,,,106,48,58,47
01204501016,3,s,_PU,,,,129,61,68,54
01204501017,3,s,_PV,,,,43,22,21,17
01204501018,3,s,_PW,,,,133,64,69,47
01204501019,3,s,_PX,,,,147,70,77,54
01204501020,3,s,_QO,,,,148,74,74,50
01204501021,3,s,_QP,,,,86,38,48,32
012045020,2,s,_,,,,2313,1055,1258,974
01204502001,3,s,_P,,,,10,3,7,3
01204502002,3,s,_Q,,,,76,38,38,27
01204502003,3,s,_R,,,,56,29,27,32
01204502004,3,s,_S,,,,215,97,118,96
01204502005,3,s,_T,,,,75,28,47,34
01204502006,3,s,_U,,,,82,43,39,36
01204502007,3,s,_V,,,,3,2,1,1
01204502008,3,s,_W,,,,79,32,47,45
01204502009,3,s,_X,,,,40,18,22,21
01204502010,3,s,_PO,,,,28,13,15,8
01204502011,3,s,_PP,,,,82,39,43,36
01204502012,3,s,_PQ,,,,114,50,64,67
01204502013,3,s,_PR,,,,91,50,41,35
01204502014,3,s,_PS,,,,64,25,39,30
01204502015,3,s,_PT,,,,91,39,52,39
01204502016,3,s,_PU,,,,160,72,88,71
01204502017,3,s,_PV,,,,105,33,72,34
01204502018,3,s,_PW,,,,192,93,99,81
01204502019,3,s,_PX,,,,306,141,165,116
01204502020,3,s,_QO,,,,243,122,121,79
01204502021,3,s,_QP,,,,201,88,113,83
012045030,2,s,_O,,,,1552,726,826,722
01204503001,3,s,_OP,,,,12,8,4,4
01204503002,3,s,_OQ,,,,56,25,31,25
01204503003,3,s,_OR,,,,70,32,38,36
01204503004,3,s,_OS,,,,44,19,25,23
01204503005,3,s,_OT,,,,6,3,3,3
01204503006,3,s,_OU,,,,15,6,9,10
01204503007,3,s,_OV,,,,44,22,22,24
01204503008,3,s,_OW,,,,47,22,25,25
01204503009,3,s,_OX,,,,74,35,39,36
01204503010,3,s,_OPO,,,,47,22,25,25
01204503011,3,s,_OPP,,,,64,30,34,33
01204503012,3,s,_OPQ,,,,102,46,56,51
01204503013,3,s,_OPR,,,,112,52,60,54
01204503014,3,s,_OPS,,,,89,42,47,39
01204503015,3,s,_OPT,,,,101,48,53,46
01204503016,3,s,_OPU,,,,130,62,68,61
01204503017,3,s,_OPV,,,,122,57,65,56
01204503018,3,s,_OPW,,,,102,45,57,45
01204503019,3,s,_OPX,,,,3,1,2,2
01204503020,3,s,_OQO,,,,151,75,76,60
01204503021,3,s,_OQP,,,,161,74,87,64
012045040,2,s,_l,,,,2101,903,1198,944
01204504001,3,s,_lP,,,,-,-,-,-
01204504002,3,s,_lQ,,,,84,39,45,36
01204504003,3,s,_lR,,,,113,47,66,46
01204504004,3,s,_lS,,,,112,50,62,45
01204504005,3,s,_lT,,,,-,-,-,-
01204504006,3,s,_lU,,,,-,-,-,-
01204504007,3,s,_lV,,,,118,46,72,64
01204504008,3,s,_lW,,,,121,57,64,58
01204504009,3,s,_lX,,,,103,53,50,45
01204504010,3,s,_lPO,,,,141,59,82,63
01204504011,3,s,_lPP,,,,118,36,82,70
01204504012,3,s,_lPQ,,,,114,41,73,66
01204504013,3,s,_lPR,,,,104,49,55,44
01204504014,3,s,_lPS,,,,79,34,45,33
01204504015,3,s,_lPT,,,,107,44,63,40
01204504016,3,s,_lPU,,,,202,87,115,81
01204504017,3,s,_lPV,,,,155,69,86,80
01204504018,3,s,_lPW,,,,125,49,76,58
01204504019,3,s,_lPX,,,,24,11,13,10
01204504020,3,s,_lQO,,,,87,44,43,32
01204504021,3,s,_lQP,,,,194,88,106,73
012045050,2,s,_܏,,,,2252,994,1258,1013
01204505001,3,s,_܏P,,,,20,6,14,10
01204505002,3,s,_܏Q,,,,4,2,2,3
01204505003,3,s,_܏R,,,,137,53,84,63
01204505004,3,s,_܏S,,,,101,45,56,48
01204505005,3,s,_܏T,,,,130,58,72,56
01204505006,3,s,_܏U,,,,131,53,78,71
01204505007,3,s,_܏V,,,,149,65,84,65
01204505008,3,s,_܏W,,,,96,39,57,43
01204505009,3,s,_܏X,,,,97,43,54,44
01204505010,3,s,_܏PO,,,,100,49,51,42
01204505011,3,s,_܏PP,,,,234,90,144,111
01204505012,3,s,_܏PQ,,,,172,67,105,90
01204505013,3,s,_܏PR,,,,75,37,38,30
01204505014,3,s,_܏PS,,,,70,29,41,34
01204505015,3,s,_܏PT,,,,47,19,28,19
01204505016,3,s,_܏PU,,,,99,49,50,48
01204505017,3,s,_܏PV,,,,123,58,65,48
01204505018,3,s,_܏PW,,,,111,56,55,48
01204505019,3,s,_܏PX,,,,94,45,49,38
01204505020,3,s,_܏QO,,,,147,77,70,57
01204505021,3,s,_܏QP,,,,115,54,61,45
012045060,2,s,_Z,,,,1847,832,1015,812
01204506001,3,s,_ZP,,,,97,48,49,42
01204506002,3,s,_ZQ,,,,121,53,68,61
01204506003,3,s,_ZR,,,,89,42,47,41
01204506004,3,s,_ZS,,,,74,26,48,33
01204506005,3,s,_ZT,,,,85,38,47,36
01204506006,3,s,_ZU,,,,97,50,47,43
01204506007,3,s,_ZV,,,,69,35,34,33
01204506008,3,s,_ZW,,,,64,30,34,30
01204506009,3,s,_ZX,,,,48,22,26,21
01204506010,3,s,_ZPO,,,,64,23,41,30
01204506011,3,s,_ZPP,,,,69,29,40,30
01204506012,3,s,_ZPQ,,,,13,4,9,4
01204506013,3,s,_ZPR,,,,92,42,50,53
01204506014,3,s,_ZPS,,,,104,52,52,44
01204506015,3,s,_ZPT,,,,126,53,73,49
01204506016,3,s,_ZPU,,,,159,64,95,73
01204506017,3,s,_ZPV,,,,157,70,87,69
01204506018,3,s,_ZPW,,,,166,77,89,63
01204506019,3,s,_ZPX,,,,153,74,79,57
012045070,2,s,_,,,,1333,591,742,601
01204507001,3,s,_P,,,,26,11,15,11
01204507002,3,s,_Q,,,,88,40,48,47
01204507003,3,s,_R,,,,80,38,42,36
01204507004,3,s,_S,,,,80,34,46,31
01204507005,3,s,_T,,,,73,29,44,32
01204507006,3,s,_U,,,,65,32,33,30
01204507007,3,s,_V,,,,95,44,51,34
01204507008,3,s,_W,,,,77,34,43,33
01204507009,3,s,_X,,,,61,30,31,30
01204507010,3,s,_PO,,,,52,22,30,36
01204507011,3,s,_PP,,,,68,32,36,32
01204507012,3,s,_PQ,,,,72,35,37,33
01204507013,3,s,_PR,,,,81,36,45,37
01204507014,3,s,_PS,,,,77,32,45,28
01204507015,3,s,_PT,,,,71,29,42,30
01204507016,3,s,_PU,,,,110,48,62,53
01204507017,3,s,_PV,,,,111,43,68,48
01204507018,3,s,_PW,,,,46,22,24,20
012045080,2,s,_,,,,1467,666,801,630
01204508001,3,s,_P,,,,90,36,54,41
01204508002,3,s,_Q,,,,77,37,40,32
01204508003,3,s,_R,,,,89,40,49,38
01204508004,3,s,_S,,,,91,36,55,34
01204508005,3,s,_T,,,,78,39,39,36
01204508006,3,s,_U,,,,70,33,37,24
01204508007,3,s,_V,,,,68,33,35,30
01204508008,3,s,_W,,,,80,32,48,39
01204508009,3,s,_X,,,,97,46,51,43
01204508010,3,s,_PO,,,,159,68,91,86
01204508011,3,s,_PP,,,,82,39,43,32
01204508012,3,s,_PQ,,,,48,22,26,19
01204508013,3,s,_PR,,,,109,49,60,52
01204508014,3,s,_PS,,,,84,41,43,37
01204508015,3,s,_PT,,,,65,32,33,28
01204508016,3,s,_PU,,,,139,65,74,42
01204508017,3,s,_PV,,,,41,18,23,17
012045090,2,s,_,,,,1111,501,610,441
01204509001,3,s,_P,,,,338,156,182,150
01204509002,3,s,_Q,,,,233,118,115,110
01204509003,3,s,_R,,,,185,67,118,53
01204509004,3,s,_S,,,,106,51,55,33
01204509005,3,s,_T,,,,66,30,36,27
01204509006,3,s,_U,,,,4,2,2,2
01204509007,3,s,_V,,,,67,32,35,26
01204509008,3,s,_W,,,,71,29,42,21
01204509009,3,s,_X,,,,27,10,17,13
01204509010,3,s,_PO,,,,14,6,8,6
012045100,2,s,__,,,,38,20,18,19
012045110,2,s,_J,,,,182,102,80,76
012045120,2,s,_J,,,,254,117,137,98
012045140,2,s,_x,,,,274,161,113,57
012045150,2,s,_,,,,115,44,71,32
012045160,2,s,_a,,,,45,22,23,19
012045170,2,s,_u,,,,60,30,30,24
012045180,2,s,_L,,,,103,50,53,42
012045190,2,s,__,,,,36,20,16,13
012045200,2,s,_h,,,,113,52,61,47
012045220,2,s,_tu,,,,1,-,1,1
012045230,2,s,__K,,,,110,49,61,47
012045250,2,s,,,,,1617,700,917,613
01204525001,3,s,P,,,,197,71,126,17
01204525002,3,s,Q,,,,334,135,199,162
01204525003,3,s,R,,,,140,68,72,71
01204525004,3,s,S,,,,164,78,86,65
01204525005,3,s,T,,,,354,150,204,120
01204525006,3,s,U,,,,181,83,98,83
01204525007,3,s,V,,,,161,71,90,63
01204525008,3,s,W,,,,86,44,42,32
012045260,2,s,꓌,,,,253,114,139,104
01204526001,3,s,꓌P,,,,69,30,39,33
01204526002,3,s,꓌Q,,,,56,25,31,21
01204526003,3,s,꓌R,,,,79,37,42,30
01204526004,3,s,꓌S,,,,49,22,27,20
012045270,2,s,삪u,,,,249,117,132,102
01204527001,3,s,삪uP,,,,50,22,28,19
01204527002,3,s,삪uQ,,,,192,92,100,80
01204527003,3,s,삪uR,,,,7,3,4,3
012045310,2,s,a,,,,510,246,264,168
01204531002,3,s,aQ,,,,164,86,78,52
01204531004,3,s,aS,,,,140,62,78,33
01204531005,3,s,aT,,,,206,98,108,83
012045320,2,s,a,,,,1179,536,643,487
01204532003,3,s,aR,,,,63,28,35,25
01204532004,3,s,aS,,,,312,146,166,122
01204532005,3,s,aT,,,,410,187,223,178
01204532006,3,s,aU,,,,394,175,219,162
012045330,2,s,aO,,,,2752,1260,1492,1153
01204533001,3,s,aOP,,,,292,165,127,127
01204533003,3,s,aOR,,,,270,127,143,116
01204533004,3,s,aOS,,,,340,154,186,140
01204533005,3,s,aOT,,,,535,239,296,219
01204533006,3,s,aOU,,,,355,171,184,150
01204533007,3,s,aOV,,,,802,336,466,329
01204533008,3,s,aOW,,,,158,68,90,72
012045340,2,s,al,,,,1719,792,927,850
01204534001,3,s,alP,,,,86,48,38,47
01204534002,3,s,alQ,,,,6,3,3,3
01204534003,3,s,alR,,,,205,97,108,93
01204534004,3,s,alS,,,,244,113,131,137
01204534005,3,s,alT,,,,400,180,220,188
01204534006,3,s,alU,,,,238,99,139,109
01204534007,3,s,alV,,,,284,138,146,144
01204534008,3,s,alW,,,,256,114,142,129
012045350,2,s,a܏,,,,1773,844,929,822
01204535001,3,s,a܏P,,,,308,161,147,145
01204535002,3,s,a܏Q,,,,119,57,62,48
01204535003,3,s,a܏R,,,,135,62,73,51
01204535004,3,s,a܏S,,,,385,189,196,163
01204535005,3,s,a܏T,,,,295,132,163,140
01204535006,3,s,a܏U,,,,321,144,177,167
01204535007,3,s,a܏V,,,,169,86,83,89
01204535008,3,s,a܏W,,,,41,13,28,19
012045360,2,s,aZ,,,,1820,832,988,813
01204536001,3,s,aZP,,,,345,153,192,117
01204536002,3,s,aZQ,,,,156,81,75,79
01204536003,3,s,aZR,,,,299,130,169,126
01204536004,3,s,aZS,,,,135,68,67,50
01204536005,3,s,aZT,,,,280,117,163,132
01204536006,3,s,aZU,,,,375,169,206,181
01204536007,3,s,aZV,,,,207,103,104,114
01204536008,3,s,aZW,,,,23,11,12,14
012045370,2,s,a,,,,1245,590,655,529
01204537001,3,s,aP,,,,5,2,3,4
01204537002,3,s,aQ,,,,4,2,2,3
01204537003,3,s,aR,,,,193,96,97,70
01204537004,3,s,aS,,,,257,109,148,101
01204537005,3,s,aT,,,,352,172,180,149
01204537006,3,s,aU,,,,296,145,151,147
01204537007,3,s,aV,,,,138,64,74,55
012045380,2,s,a,,,,919,445,474,395
01204538003,3,s,aR,,,,181,90,91,72
01204538004,3,s,aS,,,,233,114,119,93
01204538005,3,s,aT,,,,386,184,202,172
01204538006,3,s,aU,,,,119,57,62,58
012045390,2,s,a,,,,-,-,-,-
012045410,2,s,H,,,,877,415,462,379
01204541001,3,s,HP,,,,438,201,237,172
01204541002,3,s,HQ,,,,439,214,225,207
012045420,2,s,H,,,,768,372,396,360
01204542001,3,s,HP,,,,391,188,203,174
01204542002,3,s,HQ,,,,377,184,193,186
012045430,2,s,HO,,,,691,316,375,320
01204543001,3,s,HOP,,,,359,169,190,169
01204543002,3,s,HOQ,,,,332,147,185,151
012045500,2,s,iR,,,,1615,697,918,589
01204550002,3,s,iRQ,,,,8,4,4,3
01204550003,3,s,iRR,,,,39,20,19,19
01204550004,3,s,iRS,,,,38,17,21,17
01204550005,3,s,iRT,,,,139,28,111,11
01204550006,3,s,iRU,,,,48,20,28,20
01204550007,3,s,iRV,,,,52,27,25,23
01204550008,3,s,iRW,,,,75,33,42,28
01204550009,3,s,iRX,,,,59,31,28,26
01204550010,3,s,iRPO,,,,127,46,81,36
01204550011,3,s,iRPP,,,,364,176,188,170
01204550012,3,s,iRPQ,,,,177,80,97,60
01204550013,3,s,iRPR,,,,68,31,37,28
01204550014,3,s,iRPS,,,,104,51,53,40
01204550015,3,s,iRPT,,,,151,61,90,46
01204550016,3,s,iRPU,,,,166,72,94,62
012045501,2,s,iRkP,,,,429,192,237,218
012045502,2,s,iRkQ,,,,76,32,44,40
012045503,2,s,iRkR,,,,96,48,48,37
012045510,2,s,ʒcn,,,,95,41,54,54
01204551001,3,s,ʒcnP,,,,95,41,54,54
01204551002,3,s,ʒcnQ,,,,-,-,-,-
01204551003,3,s,ʒcnR,,,,-,-,-,-
01204551004,3,s,ʒcnS,,,,-,-,-,-
01204551005,3,s,ʒcnT,,,,-,-,-,-
012045520,2,s,ʒcn,,,,197,99,98,106
01204552001,3,s,ʒcnP,,,,79,42,37,40
01204552002,3,s,ʒcnQ,,,,87,38,49,45
01204552003,3,s,ʒcnR,,,,7,3,4,3
01204552004,3,s,ʒcnS,,,,19,14,5,16
01204552005,3,s,ʒcnT,,,,5,2,3,2
012045530,2,s,ʒcnO,,,,43,24,19,23
01204553004,3,s,ʒcnOS,,,,43,24,19,23
01204553005,3,s,ʒcnOT,,,,-,-,-,-
012045540,2,s,ʒcnl,,,,45,29,16,27
012045610,2,s,iR,,,,3711,1786,1925,1713
01204561001,3,s,iRP,,,,73,38,35,36
01204561002,3,s,iRQ,,,,171,80,91,92
01204561003,3,s,iRR,,,,13,7,6,4
01204561004,3,s,iRS,,,,217,104,113,111
01204561005,3,s,iRT,,,,284,134,150,135
01204561006,3,s,iRU,,,,244,122,122,103
01204561007,3,s,iRV,,,,105,52,53,42
01204561008,3,s,iRW,,,,91,47,44,33
01204561009,3,s,iRX,,,,99,49,50,45
01204561010,3,s,iRPO,,,,132,67,65,49
01204561011,3,s,iRPP,,,,223,98,125,80
01204561012,3,s,iRPQ,,,,84,36,48,37
01204561013,3,s,iRPR,,,,69,30,39,38
01204561014,3,s,iRPS,,,,81,43,38,48
01204561015,3,s,iRPT,,,,243,112,131,103
01204561016,3,s,iRPU,,,,216,100,116,85
01204561017,3,s,iRPV,,,,199,90,109,100
01204561018,3,s,iRPW,,,,2,1,1,1
01204561019,3,s,iRPX,,,,213,142,71,156
01204561020,3,s,iRQO,,,,253,116,137,112
01204561021,3,s,iRQP,,,,96,44,52,40
01204561022,3,s,iRQQ,,,,170,73,97,78
01204561023,3,s,iRQR,,,,231,108,123,95
01204561024,3,s,iRQS,,,,202,93,109,90
012045620,2,s,iR,,,,1739,819,920,872
01204562001,3,s,iRP,,,,39,20,19,23
01204562002,3,s,iRQ,,,,106,56,50,63
01204562003,3,s,iRR,,,,3,2,1,1
01204562004,3,s,iRS,,,,91,43,48,38
01204562005,3,s,iRT,,,,30,13,17,14
01204562006,3,s,iRU,,,,12,6,6,4
01204562007,3,s,iRV,,,,10,4,6,5
01204562008,3,s,iRW,,,,-,-,-,-
01204562009,3,s,iRX,,,,74,38,36,33
01204562010,3,s,iRPO,,,,75,30,45,34
01204562011,3,s,iRPP,,,,67,29,38,30
01204562012,3,s,iRPQ,,,,14,7,7,7
01204562013,3,s,iRPR,,,,-,-,-,-
01204562014,3,s,iRPS,,,,48,22,26,13
01204562015,3,s,iRPT,,,,150,72,78,69
01204562016,3,s,iRPU,,,,121,51,70,50
01204562017,3,s,iRPV,,,,24,9,15,9
01204562018,3,s,iRPW,,,,42,18,24,18
01204562019,3,s,iRPX,,,,83,41,42,37
01204562020,3,s,iRQO,,,,167,84,83,92
01204562021,3,s,iRQP,,,,128,55,73,65
01204562022,3,s,iRQQ,,,,221,95,126,137
01204562023,3,s,iRQR,,,,168,91,77,99
01204562024,3,s,iRQS,,,,66,33,33,31
012045630,2,s,iRO,,,,2738,1287,1451,1249
01204563001,3,s,iROP,,,,187,95,92,112
01204563002,3,s,iROQ,,,,2,1,1,1
01204563003,3,s,iROR,,,,93,40,53,39
01204563004,3,s,iROS,,,,144,58,86,87
01204563005,3,s,iROT,,,,76,42,34,27
01204563006,3,s,iROU,,,,50,25,25,27
01204563007,3,s,iROV,,,,100,37,63,12
01204563008,3,s,iROW,,,,21,10,11,8
01204563009,3,s,iROX,,,,44,19,25,16
01204563010,3,s,iROPO,,,,36,20,16,16
01204563011,3,s,iROPP,,,,41,21,20,16
01204563012,3,s,iROPQ,,,,-,-,-,-
01204563013,3,s,iROPR,,,,126,52,74,55
01204563014,3,s,iROPS,,,,48,22,26,20
01204563015,3,s,iROPT,,,,18,9,9,9
01204563016,3,s,iROPU,,,,213,105,108,95
01204563017,3,s,iROPV,,,,150,68,82,71
01204563018,3,s,iROPW,,,,180,81,99,66
01204563019,3,s,iROPX,,,,95,45,50,40
01204563020,3,s,iROQO,,,,381,196,185,157
01204563021,3,s,iROQP,,,,273,124,149,135
01204563022,3,s,iROQQ,,,,282,131,151,145
01204563023,3,s,iROQR,,,,30,14,16,15
01204563024,3,s,iROQS,,,,148,72,76,80
012045640,2,s,iRl,,,,4593,2159,2434,2011
01204564001,3,s,iRlP,,,,132,64,68,64
01204564002,3,s,iRlQ,,,,153,66,87,71
01204564003,3,s,iRlR,,,,200,94,106,86
01204564004,3,s,iRlS,,,,350,172,178,161
01204564005,3,s,iRlT,,,,309,141,168,133
01204564006,3,s,iRlU,,,,167,83,84,37
01204564007,3,s,iRlV,,,,215,103,112,101
01204564008,3,s,iRlW,,,,126,57,69,55
01204564009,3,s,iRlX,,,,290,137,153,123
01204564010,3,s,iRlPO,,,,298,150,148,119
01204564011,3,s,iRlPP,,,,280,125,155,114
01204564012,3,s,iRlPQ,,,,214,106,108,98
01204564013,3,s,iRlPR,,,,174,85,89,97
01204564014,3,s,iRlPS,,,,135,61,74,72
01204564015,3,s,iRlPT,,,,252,105,147,100
01204564016,3,s,iRlPU,,,,298,145,153,131
01204564017,3,s,iRlPV,,,,181,76,105,86
01204564018,3,s,iRlPW,,,,57,28,29,24
01204564019,3,s,iRlPX,,,,5,2,3,1
01204564020,3,s,iRlQO,,,,136,64,72,51
01204564021,3,s,iRlQP,,,,198,98,100,106
01204564022,3,s,iRlQQ,,,,158,68,90,68
01204564023,3,s,iRlQR,,,,45,20,25,23
01204564024,3,s,iRlQS,,,,220,109,111,90
012045650,2,s,iR܏,,,,4025,1900,2125,1729
01204565001,3,s,iR܏P,,,,96,45,51,46
01204565002,3,s,iR܏Q,,,,172,85,87,81
01204565003,3,s,iR܏R,,,,216,104,112,95
01204565004,3,s,iR܏S,,,,234,110,124,100
01204565005,3,s,iR܏T,,,,111,56,55,44
01204565006,3,s,iR܏U,,,,174,80,94,76
01204565007,3,s,iR܏V,,,,102,53,49,45
01204565008,3,s,iR܏W,,,,269,125,144,112
01204565009,3,s,iR܏X,,,,160,70,90,66
01204565010,3,s,iR܏PO,,,,230,105,125,92
01204565011,3,s,iR܏PP,,,,237,114,123,83
01204565012,3,s,iR܏PQ,,,,167,75,92,75
01204565013,3,s,iR܏PR,,,,83,34,49,45
01204565014,3,s,iR܏PS,,,,226,110,116,99
01204565015,3,s,iR܏PT,,,,168,72,96,61
01204565016,3,s,iR܏PU,,,,241,106,135,102
01204565017,3,s,iR܏PV,,,,226,129,97,90
01204565018,3,s,iR܏PW,,,,48,25,23,16
01204565019,3,s,iR܏PX,,,,-,-,-,-
01204565020,3,s,iR܏QO,,,,123,55,68,57
01204565021,3,s,iR܏QP,,,,158,71,87,74
01204565022,3,s,iR܏QQ,,,,183,89,94,71
01204565023,3,s,iR܏QR,,,,149,65,84,68
01204565024,3,s,iR܏QS,,,,252,122,130,131
012045660,2,s,iRZ,,,,5650,2636,3014,2453
01204566001,3,s,iRZP,,,,51,27,24,27
01204566002,3,s,iRZQ,,,,174,89,85,80
01204566003,3,s,iRZR,,,,346,157,189,183
01204566004,3,s,iRZS,,,,349,169,180,171
01204566005,3,s,iRZT,,,,262,129,133,109
01204566006,3,s,iRZU,,,,319,145,174,140
01204566007,3,s,iRZV,,,,355,175,180,146
01204566008,3,s,iRZW,,,,376,164,212,159
01204566009,3,s,iRZX,,,,365,156,209,158
01204566010,3,s,iRZPO,,,,202,93,109,84
01204566011,3,s,iRZPP,,,,372,171,201,139
01204566012,3,s,iRZPQ,,,,270,134,136,101
01204566013,3,s,iRZPR,,,,193,92,101,82
01204566014,3,s,iRZPS,,,,295,134,161,121
01204566015,3,s,iRZPT,,,,488,195,293,240
01204566016,3,s,iRZPU,,,,258,131,127,106
01204566017,3,s,iRZPV,,,,56,29,27,30
01204566018,3,s,iRZPW,,,,-,-,-,-
01204566019,3,s,iRZPX,,,,-,-,-,-
01204566020,3,s,iRZQO,,,,86,35,51,32
01204566021,3,s,iRZQP,,,,169,81,88,76
01204566022,3,s,iRZQQ,,,,198,105,93,84
01204566023,3,s,iRZQR,,,,237,114,123,101
01204566024,3,s,iRZQS,,,,229,111,118,84
012045670,2,s,iR,,,,3963,1834,2129,1655
01204567001,3,s,iRP,,,,95,48,47,49
01204567002,3,s,iRQ,,,,155,73,82,68
01204567003,3,s,iRR,,,,166,71,95,63
01204567004,3,s,iRS,,,,111,49,62,56
01204567005,3,s,iRT,,,,182,77,105,84
01204567006,3,s,iRU,,,,274,131,143,119
01204567007,3,s,iRV,,,,259,121,138,114
01204567008,3,s,iRW,,,,382,171,211,132
01204567009,3,s,iRX,,,,278,131,147,110
01204567010,3,s,iRPO,,,,185,81,104,100
01204567011,3,s,iRPP,,,,120,52,68,47
01204567012,3,s,iRPQ,,,,269,119,150,107
01204567013,3,s,iRPR,,,,258,121,137,111
01204567014,3,s,iRPS,,,,215,105,110,93
01204567015,3,s,iRPT,,,,113,53,60,43
01204567016,3,s,iRPU,,,,122,64,58,52
01204567017,3,s,iRPV,,,,230,110,120,96
01204567018,3,s,iRPW,,,,52,24,28,23
01204567019,3,s,iRPX,,,,144,63,81,54
01204567020,3,s,iRQO,,,,130,64,66,48
01204567021,3,s,iRQP,,,,223,106,117,86
012045680,2,s,iR,,,,4371,2080,2291,1800
01204568001,3,s,iRP,,,,142,61,81,57
01204568002,3,s,iRQ,,,,150,71,79,73
01204568003,3,s,iRR,,,,327,156,171,158
01204568004,3,s,iRS,,,,128,61,67,60
01204568005,3,s,iRT,,,,219,98,121,99
01204568006,3,s,iRU,,,,237,114,123,100
01204568007,3,s,iRV,,,,215,98,117,96
01204568008,3,s,iRW,,,,340,159,181,131
01204568009,3,s,iRX,,,,275,132,143,108
01204568010,3,s,iRPO,,,,248,115,133,100
01204568011,3,s,iRPP,,,,310,145,165,120
01204568012,3,s,iRPQ,,,,254,118,136,95
01204568013,3,s,iRPR,,,,118,57,61,51
01204568014,3,s,iRPS,,,,234,120,114,101
01204568015,3,s,iRPT,,,,237,122,115,80
01204568016,3,s,iRPU,,,,110,50,60,39
01204568017,3,s,iRPV,,,,216,100,116,91
01204568018,3,s,iRPW,,,,97,47,50,45
01204568019,3,s,iRPX,,,,258,127,131,89
01204568020,3,s,iRQO,,,,55,30,25,23
01204568021,3,s,iRQP,,,,201,99,102,84
012045690,2,s,iR,,,,3408,1636,1772,1330
01204569001,3,s,iRP,,,,88,45,43,36
01204569002,3,s,iRQ,,,,383,195,188,183
01204569003,3,s,iRR,,,,176,79,97,77
01204569004,3,s,iRS,,,,261,122,139,110
01204569005,3,s,iRT,,,,218,102,116,87
01204569006,3,s,iRU,,,,-,-,-,-
01204569007,3,s,iRV,,,,300,138,162,112
01204569008,3,s,iRW,,,,279,132,147,111
01204569009,3,s,iRX,,,,253,120,133,96
01204569010,3,s,iRPO,,,,254,122,132,106
01204569011,3,s,iRPP,,,,271,133,138,103
01204569012,3,s,iRPQ,,,,247,117,130,97
01204569013,3,s,iRPR,,,,249,121,128,82
01204569014,3,s,iRPS,,,,266,130,136,77
01204569015,3,s,iRPT,,,,108,52,56,35
01204569016,3,s,iRPU,,,,55,28,27,18
012045700,2,s,iR\,,,,3233,1532,1701,1233
01204570001,3,s,iR\P,,,,107,51,56,42
01204570002,3,s,iR\Q,,,,26,12,14,10
01204570003,3,s,iR\R,,,,170,81,89,80
01204570004,3,s,iR\S,,,,231,98,133,110
01204570005,3,s,iR\T,,,,252,121,131,111
01204570006,3,s,iR\U,,,,337,167,170,122
01204570007,3,s,iR\V,,,,307,142,165,106
01204570008,3,s,iR\W,,,,383,192,191,156
01204570009,3,s,iR\X,,,,255,123,132,91
01204570010,3,s,iR\PO,,,,185,88,97,74
01204570011,3,s,iR\PP,,,,254,113,141,105
01204570012,3,s,iR\PQ,,,,182,90,92,69
01204570013,3,s,iR\PR,,,,153,69,84,46
01204570014,3,s,iR\PS,,,,265,123,142,76
01204570015,3,s,iR\PT,,,,126,62,64,35
012045710,2,s,]OʒR,,,,124,55,69,44
012045720,2,s,]Oʒ,,,,9,3,6,4
012045730,2,s,]Oʒa,,,,15,9,6,6
012045740,2,s,]OʒF,,,,20,11,9,13
012045750,2,s,]Oʒ,,,,2,1,1,1
012045760,2,s,]Oʒ,,,,5,3,2,2
012045770,2,s,]Oʒk,,,,21,11,10,8
012045780,2,s,]Oʒx,,,,19,10,9,7
012045790,2,s,]Oʒ,,,,78,38,40,31
012045810,2,s,쒬,,,,889,392,497,179
012045820,2,s,쒬㕺,,,,899,363,536,231
012045830,2,s,쒬mo,,,,534,252,282,207
012045840,2,s,쒬,,,,265,127,138,100
012045850,2,s,쒬,,,,642,303,339,263
012045870,2,s,쒬h,,,,650,309,341,182
012045880,2,s,쒬Lc,,,,309,153,156,120
012045890,2,s,쒬,,,,106,49,57,45
012045900,2,s,쒬,,,,164,80,84,67
012045920,2,s,쒬q,,,,185,92,93,71
012045930,2,s,쒬Č,,,,285,133,152,123
012045940,2,s,쒬,,,,152,72,80,72
012046010,2,s,_y,,,,561,265,296,234
01204601004,3,s,_yS,,,,220,103,117,98
01204601005,3,s,_yT,,,,243,115,128,101
01204601006,3,s,_yU,,,,60,29,31,20
01204601007,3,s,_yV,,,,38,18,20,15
012046020,2,s,_y,,,,664,303,361,301
01204602004,3,s,_yS,,,,238,108,130,101
01204602005,3,s,_yT,,,,202,97,105,92
01204602006,3,s,_yU,,,,147,70,77,59
01204602007,3,s,_yV,,,,77,28,49,49
012046030,2,s,_yO,,,,638,301,337,290
01204603004,3,s,_yOS,,,,230,106,124,101
01204603005,3,s,_yOT,,,,198,90,108,81
01204603006,3,s,_yOU,,,,110,51,59,45
01204603007,3,s,_yOV,,,,100,54,46,63
012046040,2,s,_yl,,,,541,257,284,257
01204604004,3,s,_ylS,,,,149,72,77,72
01204604005,3,s,_ylT,,,,94,46,48,32
01204604006,3,s,_ylU,,,,192,94,98,101
01204604007,3,s,_ylV,,,,106,45,61,52
012046050,2,s,_y܏,,,,370,160,210,186
01204605004,3,s,_y܏S,,,,29,13,16,14
01204605005,3,s,_y܏T,,,,137,57,80,67
01204605006,3,s,_y܏U,,,,125,59,66,67
01204605007,3,s,_y܏V,,,,79,31,48,38
012046060,2,s,_yZ,,,,713,349,364,347
01204606003,3,s,_yZR,,,,66,32,34,31
01204606004,3,s,_yZS,,,,131,65,66,48
01204606005,3,s,_yZT,,,,160,85,75,92
01204606006,3,s,_yZU,,,,195,92,103,99
01204606007,3,s,_yZV,,,,161,75,86,77
012046070,2,s,_y,,,,875,414,461,396
01204607003,3,s,_yR,,,,171,70,101,73
01204607004,3,s,_yS,,,,157,73,84,68
01204607005,3,s,_yT,,,,170,90,80,84
01204607006,3,s,_yU,,,,185,92,93,94
01204607007,3,s,_yV,,,,192,89,103,77
012046080,2,s,_y,,,,1203,581,622,537
01204608001,3,s,_yP,,,,45,20,25,22
01204608002,3,s,_yQ,,,,126,63,63,65
01204608003,3,s,_yR,,,,240,114,126,133
01204608004,3,s,_yS,,,,213,104,109,88
01204608005,3,s,_yT,,,,240,112,128,105
01204608006,3,s,_yU,,,,186,95,91,79
01204608007,3,s,_yV,,,,153,73,80,45
012046090,2,s,_y,,,,932,439,493,373
01204609001,3,s,_yP,,,,27,10,17,12
01204609002,3,s,_yQ,,,,90,44,46,38
01204609003,3,s,_yR,,,,177,74,103,78
01204609004,3,s,_yS,,,,207,99,108,80
01204609005,3,s,_yT,,,,135,62,73,52
01204609006,3,s,_yU,,,,191,95,96,80
01204609007,3,s,_yV,,,,105,55,50,33
012046100,2,s,_y\,,,,964,449,515,411
01204610001,3,s,_y\P,,,,123,49,74,49
01204610002,3,s,_y\Q,,,,85,41,44,40
01204610003,3,s,_y\R,,,,184,86,98,89
01204610004,3,s,_y\S,,,,150,72,78,70
01204610005,3,s,_y\T,,,,173,75,98,63
01204610006,3,s,_y\U,,,,90,46,44,37
01204610007,3,s,_y\V,,,,2,1,1,1
01204610008,3,s,_y\W,,,,105,50,55,39
01204610009,3,s,_y\X,,,,52,29,23,23
012046110,2,s,_y\,,,,1315,602,713,550
01204611001,3,s,_y\P,,,,65,30,35,29
01204611002,3,s,_y\Q,,,,50,19,31,24
01204611003,3,s,_y\R,,,,166,76,90,74
01204611004,3,s,_y\S,,,,169,84,85,78
01204611005,3,s,_y\T,,,,172,78,94,65
01204611006,3,s,_y\U,,,,176,77,99,79
01204611007,3,s,_y\V,,,,182,82,100,77
01204611008,3,s,_y\W,,,,176,83,93,66
01204611009,3,s,_y\X,,,,159,73,86,58
012046120,2,s,_y\,,,,1071,473,598,473
01204612001,3,s,_y\P,,,,9,3,6,4
01204612002,3,s,_y\Q,,,,109,42,67,56
01204612003,3,s,_y\R,,,,170,68,102,76
01204612004,3,s,_y\S,,,,238,109,129,108
01204612005,3,s,_y\T,,,,155,68,87,68
01204612006,3,s,_y\U,,,,120,56,64,54
01204612007,3,s,_y\V,,,,117,53,64,49
01204612008,3,s,_y\W,,,,81,38,43,29
01204612009,3,s,_y\X,,,,72,36,36,29
012046130,2,s,_y\O,,,,779,368,411,320
01204613003,3,s,_y\OR,,,,153,74,79,66
01204613004,3,s,_y\OS,,,,158,82,76,65
01204613005,3,s,_y\OT,,,,151,60,91,63
01204613006,3,s,_y\OU,,,,153,75,78,63
01204613007,3,s,_y\OV,,,,37,16,21,15
01204613008,3,s,_y\OW,,,,127,61,66,48
01204613009,3,s,_y\OX,,,,-,-,-,-
012046140,2,s,_y\l,,,,541,229,312,183
01204614003,3,s,_y\lR,,,,50,20,30,25
01204614004,3,s,_y\lS,,,,169,81,88,81
01204614005,3,s,_y\lT,,,,110,51,59,52
01204614006,3,s,_y\lU,,,,52,27,25,21
01204614007,3,s,_y\lV,,,,160,50,110,4
01204614008,3,s,_y\lW,,,,-,-,-,-
01204614009,3,s,_y\lX,,,,-,-,-,-
012046150,2,s,_y\܏,,,,571,270,301,261
01204615003,3,s,_y\܏R,,,,171,75,96,81
01204615004,3,s,_y\܏S,,,,247,118,129,112
01204615005,3,s,_y\܏T,,,,153,77,76,68
012046160,2,s,_y\Z,,,,367,182,185,154
01204616003,3,s,_y\ZR,,,,186,93,93,73
01204616004,3,s,_y\ZS,,,,181,89,92,81
012046330,2,s,_y,,,,15,7,8,6
012046710,2,s,΂u,,,,1039,459,580,468
01204671001,3,s,΂uP,,,,382,156,226,185
01204671002,3,s,΂uQ,,,,231,98,133,102
01204671003,3,s,΂uR,,,,142,71,71,61
01204671004,3,s,΂uS,,,,284,134,150,120
012046720,2,s,΂u,,,,1382,634,748,794
01204672001,3,s,΂uP,,,,273,122,151,128
01204672002,3,s,΂uQ,,,,374,140,234,250
01204672003,3,s,΂uR,,,,191,97,94,86
01204672004,3,s,΂uS,,,,544,275,269,330
012046730,2,s,΂uO,,,,376,162,214,216
01204673001,3,s,΂uOP,,,,208,100,108,86
01204673002,3,s,΂uOQ,,,,164,60,104,128
01204673003,3,s,΂uOR,,,,4,2,2,2
01204673004,3,s,΂uOS,,,,-,-,-,-
012046740,2,s,΂ul,,,,905,379,526,441
01204674001,3,s,΂ulP,,,,195,90,105,80
01204674002,3,s,΂ulQ,,,,119,47,72,73
01204674003,3,s,΂ulR,,,,192,84,108,100
01204674004,3,s,΂ulS,,,,399,158,241,188
012046750,2,s,΂u܏,,,,937,422,515,417
01204675001,3,s,΂u܏P,,,,195,87,108,86
01204675002,3,s,΂u܏Q,,,,178,78,100,92
01204675003,3,s,΂u܏R,,,,271,126,145,115
01204675004,3,s,΂u܏S,,,,293,131,162,124
012047010,2,s,_y,,,,948,444,504,376
01204701004,3,s,_yS,,,,-,-,-,-
01204701005,3,s,_yT,,,,147,68,79,57
01204701006,3,s,_yU,,,,92,43,49,46
01204701007,3,s,_yV,,,,25,11,14,8
01204701008,3,s,_yW,,,,49,21,28,16
01204701009,3,s,_yX,,,,37,16,21,14
01204701010,3,s,_yPO,,,,36,17,19,14
01204701011,3,s,_yPP,,,,49,24,25,15
01204701012,3,s,_yPQ,,,,29,15,14,10
01204701013,3,s,_yPR,,,,7,2,5,3
01204701014,3,s,_yPS,,,,10,5,5,4
01204701015,3,s,_yPT,,,,72,31,41,29
01204701016,3,s,_yPU,,,,20,9,11,7
01204701017,3,s,_yPV,,,,75,34,41,33
01204701018,3,s,_yPW,,,,39,16,23,17
01204701019,3,s,_yPX,,,,5,4,1,2
01204701020,3,s,_yQO,,,,2,1,1,1
01204701021,3,s,_yQP,,,,-,-,-,-
01204701022,3,s,_yQQ,,,,10,4,6,4
01204701023,3,s,_yQR,,,,4,1,3,1
01204701024,3,s,_yQS,,,,108,53,55,56
01204701025,3,s,_yQT,,,,29,14,15,14
01204701026,3,s,_yQU,,,,18,10,8,6
01204701027,3,s,_yQV,,,,11,6,5,2
01204701028,3,s,_yQW,,,,2,1,1,1
01204701029,3,s,_yQX,,,,12,9,3,3
01204701030,3,s,_yRO,,,,10,5,5,2
01204701031,3,s,_yRP,,,,26,12,14,4
01204701032,3,s,_yRQ,,,,24,12,12,7
012047020,2,s,_y,,,,430,199,231,170
01204702006,3,s,_yU,,,,4,1,3,1
01204702007,3,s,_yV,,,,18,9,9,7
01204702008,3,s,_yW,,,,13,6,7,6
01204702009,3,s,_yX,,,,31,14,17,11
01204702010,3,s,_yPO,,,,38,18,20,20
01204702011,3,s,_yPP,,,,19,9,10,6
01204702012,3,s,_yPQ,,,,12,7,5,4
01204702013,3,s,_yPR,,,,3,1,2,1
01204702014,3,s,_yPS,,,,3,2,1,1
01204702015,3,s,_yPT,,,,40,19,21,14
01204702016,3,s,_yPU,,,,53,22,31,18
01204702017,3,s,_yPV,,,,51,26,25,21
01204702018,3,s,_yPW,,,,22,9,13,8
01204702019,3,s,_yPX,,,,6,2,4,3
01204702020,3,s,_yQO,,,,15,8,7,4
01204702021,3,s,_yQP,,,,5,2,3,2
01204702022,3,s,_yQQ,,,,5,1,4,2
01204702023,3,s,_yQR,,,,-,-,-,-
01204702024,3,s,_yQS,,,,38,17,21,18
01204702025,3,s,_yQT,,,,10,3,7,5
01204702026,3,s,_yQU,,,,-,-,-,-
01204702027,3,s,_yQV,,,,1,-,1,1
01204702028,3,s,_yQW,,,,6,3,3,3
01204702029,3,s,_yQX,,,,10,5,5,4
01204702030,3,s,_yRO,,,,16,8,8,6
01204702031,3,s,_yRP,,,,11,7,4,4
01204702032,3,s,_yRQ,,,,-,-,-,-
01204702033,3,s,_yRR,,,,-,-,-,-
01204702034,3,s,_yRS,,,,-,-,-,-
012047030,2,s,_yO,,,,430,202,228,171
01204703006,3,s,_yOU,,,,8,4,4,3
01204703007,3,s,_yOV,,,,20,11,9,7
01204703008,3,s,_yOW,,,,12,5,7,4
01204703009,3,s,_yOX,,,,11,4,7,4
01204703010,3,s,_yOPO,,,,12,7,5,5
01204703011,3,s,_yOPP,,,,13,4,9,4
01204703012,3,s,_yOPQ,,,,14,4,10,7
01204703013,3,s,_yOPR,,,,19,10,9,6
01204703014,3,s,_yOPS,,,,8,4,4,2
01204703015,3,s,_yOPT,,,,25,14,11,12
01204703016,3,s,_yOPU,,,,20,8,12,8
01204703017,3,s,_yOPV,,,,32,15,17,13
01204703018,3,s,_yOPW,,,,18,10,8,8
01204703019,3,s,_yOPX,,,,11,6,5,4
01204703020,3,s,_yOQO,,,,11,4,7,4
01204703021,3,s,_yOQP,,,,3,1,2,2
01204703022,3,s,_yOQQ,,,,5,3,2,3
01204703023,3,s,_yOQR,,,,38,15,23,15
01204703024,3,s,_yOQS,,,,68,34,34,31
01204703025,3,s,_yOQT,,,,51,23,28,17
01204703026,3,s,_yOQU,,,,29,15,14,11
01204703027,3,s,_yOQV,,,,-,-,-,-
01204703028,3,s,_yOQW,,,,-,-,-,-
01204703029,3,s,_yOQX,,,,-,-,-,-
01204703030,3,s,_yORO,,,,-,-,-,-
01204703031,3,s,_yORP,,,,-,-,-,-
01204703032,3,s,_yORQ,,,,2,1,1,1
01204703033,3,s,_yORR,,,,-,-,-,-
01204703034,3,s,_yORS,,,,-,-,-,-
012047040,2,s,_yl,,,,164,78,86,63
01204704007,3,s,_ylV,,,,26,13,13,10
01204704008,3,s,_ylW,,,,18,7,11,7
01204704009,3,s,_ylX,,,,8,5,3,2
01204704010,3,s,_ylPO,,,,9,3,6,4
01204704011,3,s,_ylPP,,,,17,9,8,6
01204704012,3,s,_ylPQ,,,,9,3,6,4
01204704013,3,s,_ylPR,,,,29,14,15,9
01204704014,3,s,_ylPS,,,,18,8,10,7
01204704015,3,s,_ylPT,,,,10,6,4,5
01204704016,3,s,_ylPU,,,,-,-,-,-
01204704017,3,s,_ylPV,,,,4,2,2,3
01204704018,3,s,_ylPW,,,,5,3,2,2
01204704019,3,s,_ylPX,,,,2,-,2,1
01204704020,3,s,_ylQO,,,,2,1,1,1
01204704021,3,s,_ylQP,,,,-,-,-,-
01204704022,3,s,_ylQQ,,,,5,2,3,1
01204704023,3,s,_ylQR,,,,-,-,-,-
01204704024,3,s,_ylQS,,,,-,-,-,-
01204704025,3,s,_ylQT,,,,-,-,-,-
01204704026,3,s,_ylQU,,,,-,-,-,-
01204704027,3,s,_ylQV,,,,-,-,-,-
01204704028,3,s,_ylQW,,,,-,-,-,-
01204704029,3,s,_ylQX,,,,-,-,-,-
01204704030,3,s,_ylRO,,,,2,2,-,1
01204704031,3,s,_ylRP,,,,-,-,-,-
01204704032,3,s,_ylRQ,,,,-,-,-,-
01204704033,3,s,_ylRR,,,,-,-,-,-
01204704034,3,s,_ylRS,,,,-,-,-,-
012047050,2,s,_yܐ,,,,16,9,7,5
01204705018,3,s,_yܐPW,,,,9,5,4,4
01204705019,3,s,_yܐPX,,,,-,-,-,-
01204705020,3,s,_yܐQO,,,,-,-,-,-
01204705021,3,s,_yܐQP,,,,-,-,-,-
01204705022,3,s,_yܐQQ,,,,7,4,3,1
01204705023,3,s,_yܐQR,,,,-,-,-,-
01204705024,3,s,_yܐQS,,,,-,-,-,-
01204705025,3,s,_yܐQT,,,,-,-,-,-
01204705026,3,s,_yܐQU,,,,-,-,-,-
01204705027,3,s,_yܐQV,,,,-,-,-,-
01204705028,3,s,_yܐQW,,,,-,-,-,-
01204705029,3,s,_yܐQX,,,,-,-,-,-
012047110,2,s,鐲,,,,418,192,226,162
01204711001,3,s,鐲P,,,,-,-,-,-
01204711002,3,s,鐲Q,,,,108,48,60,41
01204711003,3,s,鐲R,,,,113,50,63,40
01204711004,3,s,鐲S,,,,182,88,94,77
01204711005,3,s,鐲T,,,,11,4,7,2
01204711006,3,s,鐲U,,,,4,2,2,2
012047120,2,s,鐲,,,,432,198,234,174
01204712001,3,s,鐲P,,,,8,3,5,2
01204712002,3,s,鐲Q,,,,121,59,62,47
01204712003,3,s,鐲R,,,,185,79,106,76
01204712004,3,s,鐲S,,,,110,53,57,47
01204712005,3,s,鐲T,,,,4,3,1,1
01204712006,3,s,鐲U,,,,4,1,3,1
012047130,2,s,鐲O,,,,346,168,178,135
01204713001,3,s,鐲OP,,,,7,3,4,3
01204713002,3,s,鐲OQ,,,,120,57,63,46
01204713003,3,s,鐲OR,,,,207,102,105,82
01204713004,3,s,鐲OS,,,,4,1,3,2
01204713005,3,s,鐲OT,,,,-,-,-,-
01204713006,3,s,鐲OU,,,,8,5,3,2
012047140,2,s,鐲l,,,,668,307,361,247
01204714001,3,s,鐲lP,,,,5,3,2,2
01204714002,3,s,鐲lQ,,,,172,80,92,53
01204714003,3,s,鐲lR,,,,159,79,80,57
01204714004,3,s,鐲lS,,,,319,142,177,129
01204714005,3,s,鐲lT,,,,12,3,9,5
01204714006,3,s,鐲lU,,,,1,-,1,1
012047210,2,s,鐲,,,,14,5,9,4
01204721017,3,s,鐲PV,,,,4,2,2,1
01204721018,3,s,鐲PW,,,,5,1,4,2
01204721019,3,s,鐲PX,,,,5,2,3,1
012047310,2,s,鐲,,,,132,64,68,55
01204731010,3,s,鐲PO,,,,-,-,-,-
01204731011,3,s,鐲PP,,,,31,16,15,15
01204731014,3,s,鐲PS,,,,20,9,11,7
01204731015,3,s,鐲PT,,,,10,4,6,5
01204731016,3,s,鐲PU,,,,23,10,13,9
01204731017,3,s,鐲PV,,,,23,10,13,8
01204731018,3,s,鐲PW,,,,13,7,6,5
01204731019,3,s,鐲PX,,,,12,8,4,6
012047320,2,s,鐲,,,,222,87,135,55
01204732011,3,s,鐲PP,,,,29,11,18,10
01204732014,3,s,鐲PS,,,,16,7,9,7
01204732015,3,s,鐲PT,,,,12,5,7,6
01204732016,3,s,鐲PU,,,,21,10,11,9
01204732017,3,s,鐲PV,,,,23,12,11,8
01204732018,3,s,鐲PW,,,,107,36,71,10
01204732019,3,s,鐲PX,,,,14,6,8,5
012047330,2,s,鐲O,,,,550,440,110,108
01204733010,3,s,鐲OPO,,,,24,11,13,9
01204733011,3,s,鐲OPP,,,,16,8,8,6
01204733014,3,s,鐲OPS,,,,10,4,6,4
01204733015,3,s,鐲OPT,,,,28,10,18,10
01204733016,3,s,鐲OPU,,,,28,16,12,10
01204733017,3,s,鐲OPV,,,,21,9,12,8
01204733018,3,s,鐲OPW,,,,13,4,9,5
01204733019,3,s,鐲OPX,,,,20,10,10,7
01204733020,3,s,鐲OQO,,,,390,368,22,49
012047340,2,s,鐲l,,,,206,97,109,81
01204734010,3,s,鐲lPO,,,,-,-,-,-
01204734011,3,s,鐲lPP,,,,21,8,13,7
01204734012,3,s,鐲lPQ,,,,17,10,7,8
01204734013,3,s,鐲lPR,,,,18,8,10,7
01204734014,3,s,鐲lPS,,,,16,6,10,5
01204734015,3,s,鐲lPT,,,,24,14,10,13
01204734016,3,s,鐲lPU,,,,27,12,15,9
01204734017,3,s,鐲lPV,,,,18,10,8,6
01204734018,3,s,鐲lPW,,,,19,9,10,7
01204734019,3,s,鐲lPX,,,,20,9,11,8
01204734020,3,s,鐲lQO,,,,19,8,11,8
01204734021,3,s,鐲lQP,,,,7,3,4,3
012047350,2,s,鐲ܐ,,,,160,78,82,55
01204735010,3,s,鐲ܐPO,,,,12,8,4,4
01204735011,3,s,鐲ܐPP,,,,18,8,10,5
01204735012,3,s,鐲ܐPQ,,,,14,7,7,4
01204735013,3,s,鐲ܐPR,,,,29,13,16,11
01204735014,3,s,鐲ܐPS,,,,5,3,2,2
01204735015,3,s,鐲ܐPT,,,,12,6,6,4
01204735016,3,s,鐲ܐPU,,,,8,4,4,4
01204735017,3,s,鐲ܐPV,,,,7,3,4,2
01204735018,3,s,鐲ܐPW,,,,10,5,5,3
01204735019,3,s,鐲ܐPX,,,,15,6,9,6
01204735020,3,s,鐲ܐQO,,,,8,5,3,4
01204735021,3,s,鐲ܐQP,,,,21,10,11,5
01204735022,3,s,鐲ܐQQ,,,,1,-,1,1
012047360,2,s,鐲Z,,,,137,61,76,49
01204736010,3,s,鐲ZPO,,,,16,7,9,5
01204736011,3,s,鐲ZPP,,,,6,3,3,1
01204736012,3,s,鐲ZPQ,,,,6,3,3,2
01204736013,3,s,鐲ZPR,,,,15,7,8,5
01204736014,3,s,鐲ZPS,,,,3,2,1,2
01204736015,3,s,鐲ZPT,,,,10,5,5,4
01204736016,3,s,鐲ZPU,,,,12,4,8,4
01204736017,3,s,鐲ZPV,,,,15,6,9,5
01204736018,3,s,鐲ZPW,,,,12,5,7,6
01204736019,3,s,鐲ZPX,,,,13,6,7,5
01204736020,3,s,鐲ZQO,,,,13,6,7,6
01204736021,3,s,鐲ZQP,,,,9,4,5,3
01204736022,3,s,鐲ZQQ,,,,7,3,4,1
012047370,2,s,鐲,,,,119,54,65,39
01204737010,3,s,鐲PO,,,,7,3,4,2
01204737011,3,s,鐲PP,,,,3,2,1,1
01204737012,3,s,鐲PQ,,,,8,5,3,1
01204737013,3,s,鐲PR,,,,17,6,11,6
01204737014,3,s,鐲PS,,,,16,8,8,4
01204737015,3,s,鐲PT,,,,17,8,9,6
01204737016,3,s,鐲PU,,,,11,6,5,4
01204737017,3,s,鐲PV,,,,9,3,6,4
01204737018,3,s,鐲PW,,,,-,-,-,-
01204737019,3,s,鐲PX,,,,7,3,4,4
01204737020,3,s,鐲QO,,,,19,8,11,6
01204737021,3,s,鐲QP,,,,5,2,3,1
012047380,2,s,鐲,,,,123,56,67,45
01204738013,3,s,鐲PR,,,,20,7,13,7
01204738014,3,s,鐲PS,,,,25,11,14,9
01204738015,3,s,鐲PT,,,,14,8,6,4
01204738016,3,s,鐲PU,,,,23,11,12,7
01204738017,3,s,鐲PV,,,,8,3,5,5
01204738018,3,s,鐲PW,,,,4,2,2,2
01204738019,3,s,鐲PX,,,,5,2,3,2
01204738020,3,s,鐲QO,,,,18,9,9,7
01204738021,3,s,鐲QP,,,,6,3,3,2
012047390,2,s,鐲,,,,93,51,42,29
01204739013,3,s,鐲PR,,,,4,1,3,2
01204739014,3,s,鐲PS,,,,8,3,5,3
01204739015,3,s,鐲PT,,,,23,14,9,5
01204739016,3,s,鐲PU,,,,13,6,7,3
01204739017,3,s,鐲PV,,,,10,6,4,3
01204739018,3,s,鐲PW,,,,8,5,3,3
01204739019,3,s,鐲PX,,,,9,5,4,4
01204739020,3,s,鐲QO,,,,11,7,4,4
01204739021,3,s,鐲QP,,,,6,4,2,1
01204739022,3,s,鐲QQ,,,,1,-,1,1
012047400,2,s,鐲\,,,,132,65,67,45
01204740013,3,s,鐲\PR,,,,4,2,2,2
01204740014,3,s,鐲\PS,,,,18,8,10,5
01204740015,3,s,鐲\PT,,,,20,11,9,4
01204740016,3,s,鐲\PU,,,,22,12,10,8
01204740017,3,s,鐲\PV,,,,8,3,5,3
01204740018,3,s,鐲\PW,,,,2,1,1,1
01204740019,3,s,鐲\PX,,,,9,5,4,3
01204740020,3,s,鐲\QO,,,,5,2,3,2
01204740021,3,s,鐲\QP,,,,23,10,13,9
01204740022,3,s,鐲\QQ,,,,13,7,6,4
01204740023,3,s,鐲\QR,,,,8,4,4,4
012047410,2,s,鐲\,,,,65,32,33,28
01204741013,3,s,鐲\PR,,,,9,5,4,4
01204741014,3,s,鐲\PS,,,,-,-,-,-
01204741015,3,s,鐲\PT,,,,5,2,3,3
01204741016,3,s,鐲\PU,,,,14,7,7,5
01204741017,3,s,鐲\PV,,,,3,2,1,1
01204741018,3,s,鐲\PW,,,,2,1,1,1
01204741019,3,s,鐲\PX,,,,3,1,2,1
01204741020,3,s,鐲\QO,,,,5,2,3,2
01204741021,3,s,鐲\QP,,,,11,5,6,4
01204741022,3,s,鐲\QQ,,,,8,5,3,4
01204741023,3,s,鐲\QR,,,,5,2,3,3
01204741024,3,s,鐲\QS,,,,-,-,-,-
012047420,2,s,鐲\,,,,23,10,13,10
01204742018,3,s,鐲\PW,,,,2,1,1,1
01204742019,3,s,鐲\PX,,,,6,3,3,2
01204742020,3,s,鐲\QO,,,,8,4,4,3
01204742021,3,s,鐲\QP,,,,1,-,1,1
01204742022,3,s,鐲\QQ,,,,6,2,4,3
01204742023,3,s,鐲\QR,,,,-,-,-,-
012047430,2,s,鐲\O,,,,30,15,15,7
01204743019,3,s,鐲\OPX,,,,10,5,5,2
01204743020,3,s,鐲\OQO,,,,11,5,6,3
01204743021,3,s,鐲\OQP,,,,9,5,4,2
01204743024,3,s,鐲\OQS,,,,-,-,-,-
012047440,2,s,鐲\l,,,,6,3,3,4
01204744020,3,s,鐲\lQO,,,,6,3,3,4
01204744021,3,s,鐲\lQP,,,,-,-,-,-
01204744022,3,s,鐲\lQQ,,,,-,-,-,-
012047450,2,s,鐲\ܐ,,,,2,1,1,1
012047520,2,s,Α,,,,-,-,-,-
012048020,2,s,_y,,,,79,39,40,33
01204802013,3,s,_yPR,,,,4,2,2,2
01204802014,3,s,_yPS,,,,24,10,14,11
01204802015,3,s,_yPT,,,,23,12,11,12
01204802016,3,s,_yPU,,,,-,-,-,-
01204802017,3,s,_yPV,,,,28,15,13,8
012048190,2,s,\,,,,919,423,496,317
01204819005,3,s,\T,,,,196,85,111,72
01204819006,3,s,\U,,,,147,65,82,55
01204819007,3,s,\V,,,,236,108,128,87
01204819008,3,s,\W,,,,193,87,106,58
01204819009,3,s,\X,,,,147,78,69,45
012048200,2,s,\,,,,668,314,354,237
01204820005,3,s,\T,,,,87,43,44,36
01204820006,3,s,\U,,,,127,56,71,50
01204820007,3,s,\V,,,,144,65,79,56
01204820008,3,s,\W,,,,164,76,88,52
01204820009,3,s,\X,,,,146,74,72,43
012048210,2,s,\,,,,691,322,369,229
01204821005,3,s,\T,,,,132,59,73,48
01204821006,3,s,\U,,,,265,126,139,93
01204821007,3,s,\V,,,,-,-,-,-
01204821008,3,s,\W,,,,110,49,61,33
01204821009,3,s,\X,,,,184,88,96,55
012048220,2,s,\,,,,450,218,232,156
01204822005,3,s,\T,,,,169,86,83,61
01204822006,3,s,\U,,,,281,132,149,95
01204822008,3,s,\W,,,,-,-,-,-
012048230,2,s,\O,,,,255,105,150,100
012048240,2,s,\l,,,,185,85,100,73
012048250,2,s,\܏,,,,100,46,54,34
012048410,2,s,iR\,,,,229,111,118,108
01204841001,3,s,iR\P,,,,70,38,32,35
01204841002,3,s,iR\Q,,,,159,73,86,73
01204841003,3,s,iR\R,,,,-,-,-,-
01204841004,3,s,iR\S,,,,-,-,-,-
012048420,2,s,iR\,,,,634,301,333,290
01204842001,3,s,iR\P,,,,130,62,68,59
01204842002,3,s,iR\Q,,,,472,223,249,207
01204842003,3,s,iR\R,,,,32,16,16,24
01204842004,3,s,iR\S,,,,-,-,-,-
012048430,2,s,iR\O,,,,109,56,53,44
01204843002,3,s,iR\OQ,,,,106,55,51,43
01204843003,3,s,iR\OR,,,,3,1,2,1
012048440,2,s,iR\l,,,,24,12,12,7
012048510,2,s,_yk,,,,467,205,262,206
01204851001,3,s,_ykP,,,,53,22,31,22
01204851002,3,s,_ykQ,,,,83,38,45,35
01204851003,3,s,_ykR,,,,147,65,82,58
01204851004,3,s,_ykS,,,,184,80,104,91
012048520,2,s,_yk,,,,467,219,248,186
01204852001,3,s,_ykP,,,,279,133,146,109
01204852002,3,s,_ykQ,,,,133,65,68,53
01204852003,3,s,_ykR,,,,55,21,34,24
012048610,2,s,_y,,,,689,310,379,307
01204861006,3,s,_yU,,,,-,-,-,-
01204861007,3,s,_yV,,,,137,66,71,63
01204861008,3,s,_yW,,,,85,40,45,35
01204861009,3,s,_yX,,,,8,3,5,4
01204861010,3,s,_yPO,,,,181,76,105,74
01204861011,3,s,_yPP,,,,172,78,94,75
01204861012,3,s,_yPQ,,,,106,47,59,56
012048620,2,s,_y,,,,1158,511,647,551
01204862002,3,s,_yQ,,,,26,14,12,14
01204862003,3,s,_yR,,,,57,23,34,25
01204862004,3,s,_yS,,,,37,13,24,19
01204862005,3,s,_yT,,,,59,22,37,32
01204862006,3,s,_yU,,,,106,44,62,52
01204862007,3,s,_yV,,,,211,96,115,104
01204862008,3,s,_yW,,,,133,55,78,68
01204862009,3,s,_yX,,,,157,66,91,67
01204862010,3,s,_yPO,,,,147,67,80,65
01204862011,3,s,_yPP,,,,90,40,50,46
01204862012,3,s,_yPQ,,,,135,71,64,59
012048630,2,s,_yO,,,,1026,438,588,444
01204863002,3,s,_yOQ,,,,51,21,30,22
01204863003,3,s,_yOR,,,,122,51,71,66
01204863004,3,s,_yOS,,,,179,53,126,63
01204863005,3,s,_yOT,,,,71,43,28,29
01204863006,3,s,_yOU,,,,40,21,19,17
01204863007,3,s,_yOV,,,,-,-,-,-
01204863008,3,s,_yOW,,,,7,3,4,3
01204863009,3,s,_yOX,,,,220,92,128,107
01204863010,3,s,_yOPO,,,,199,94,105,81
01204863011,3,s,_yOPP,,,,107,46,61,45
01204863012,3,s,_yOPQ,,,,30,14,16,11
012048640,2,s,_yl,,,,1639,716,923,799
01204864001,3,s,_ylP,,,,101,34,67,35
01204864002,3,s,_ylQ,,,,121,48,73,56
01204864003,3,s,_ylR,,,,160,73,87,78
01204864004,3,s,_ylS,,,,52,19,33,26
01204864005,3,s,_ylT,,,,-,-,-,-
01204864006,3,s,_ylU,,,,65,44,21,57
01204864007,3,s,_ylV,,,,-,-,-,-
01204864008,3,s,_ylW,,,,-,-,-,-
01204864009,3,s,_ylX,,,,105,50,55,51
01204864010,3,s,_ylPO,,,,173,77,96,89
01204864011,3,s,_ylPP,,,,185,84,101,88
01204864012,3,s,_ylPQ,,,,463,193,270,217
01204864013,3,s,_ylPR,,,,174,77,97,85
01204864014,3,s,_ylPS,,,,40,17,23,17
012048650,2,s,_y܏,,,,1636,729,907,804
01204865001,3,s,_y܏P,,,,171,86,85,82
01204865002,3,s,_y܏Q,,,,68,29,39,30
01204865003,3,s,_y܏R,,,,38,13,25,25
01204865004,3,s,_y܏S,,,,143,71,72,69
01204865005,3,s,_y܏T,,,,126,50,76,69
01204865006,3,s,_y܏U,,,,209,88,121,105
01204865007,3,s,_y܏V,,,,103,52,51,53
01204865008,3,s,_y܏W,,,,125,54,71,61
01204865009,3,s,_y܏X,,,,163,69,94,73
01204865010,3,s,_y܏PO,,,,77,37,40,38
01204865011,3,s,_y܏PP,,,,140,61,79,69
01204865012,3,s,_y܏PQ,,,,50,19,31,22
01204865013,3,s,_y܏PR,,,,149,67,82,75
01204865014,3,s,_y܏PS,,,,74,33,41,33
012048660,2,s,_yZ,,,,1960,860,1100,889
01204866001,3,s,_yZP,,,,80,38,42,30
01204866002,3,s,_yZQ,,,,69,30,39,34
01204866003,3,s,_yZR,,,,20,7,13,10
01204866004,3,s,_yZS,,,,72,33,39,39
01204866005,3,s,_yZT,,,,183,80,103,83
01204866006,3,s,_yZU,,,,167,74,93,71
01204866007,3,s,_yZV,,,,166,75,91,72
01204866008,3,s,_yZW,,,,177,79,98,82
01204866009,3,s,_yZX,,,,132,58,74,76
01204866010,3,s,_yZPO,,,,144,64,80,68
01204866011,3,s,_yZPP,,,,241,97,144,101
01204866012,3,s,_yZPQ,,,,189,91,98,76
01204866013,3,s,_yZPR,,,,176,75,101,78
01204866014,3,s,_yZPS,,,,144,59,85,69
012048670,2,s,_y,,,,942,430,512,411
01204867007,3,s,_yV,,,,32,14,18,14
01204867008,3,s,_yW,,,,59,28,31,24
01204867009,3,s,_yX,,,,30,14,16,14
01204867010,3,s,_yPO,,,,9,4,5,6
01204867011,3,s,_yPP,,,,247,118,129,114
01204867012,3,s,_yPQ,,,,208,91,117,91
01204867013,3,s,_yPR,,,,155,76,79,65
01204867014,3,s,_yPS,,,,202,85,117,83
012048810,2,s,鐲,,,,490,217,273,211
01204881001,3,s,鐲P,,,,20,5,15,12
01204881002,3,s,鐲Q,,,,180,89,91,74
01204881003,3,s,鐲R,,,,145,62,83,62
01204881004,3,s,鐲S,,,,145,61,84,63
01204881005,3,s,鐲T,,,,-,-,-,-
01204881006,3,s,鐲U,,,,-,-,-,-
012048820,2,s,鐲,,,,20,7,13,9
01204882001,3,s,鐲P,,,,6,2,4,3
01204882002,3,s,鐲Q,,,,11,4,7,4
01204882003,3,s,鐲R,,,,-,-,-,-
01204882004,3,s,鐲S,,,,2,1,1,1
01204882005,3,s,鐲T,,,,-,-,-,-
01204882006,3,s,鐲U,,,,1,-,1,1
012048830,2,s,鐲O,,,,10,3,7,3
01204883001,3,s,鐲OP,,,,7,2,5,2
01204883002,3,s,鐲OQ,,,,-,-,-,-
01204883003,3,s,鐲OR,,,,-,-,-,-
01204883004,3,s,鐲OS,,,,3,1,2,1
01204883005,3,s,鐲OT,,,,-,-,-,-
01204883006,3,s,鐲OU,,,,-,-,-,-
012048910,2,s,k,,,,2688,1261,1427,1119
01204891001,3,s,kP,,,,315,143,172,106
01204891002,3,s,kQ,,,,249,125,124,103
01204891003,3,s,kR,,,,91,44,47,39
01204891004,3,s,kS,,,,660,306,354,267
01204891005,3,s,kT,,,,368,163,205,156
01204891006,3,s,kU,,,,328,152,176,154
01204891007,3,s,kV,,,,489,231,258,204
01204891008,3,s,kW,,,,188,97,91,90
012048920,2,s,k,,,,990,445,545,396
01204892001,3,s,kP,,,,216,93,123,68
01204892005,3,s,kT,,,,385,176,209,160
01204892006,3,s,kU,,,,359,163,196,154
01204892007,3,s,kV,,,,30,13,17,14
012048930,2,s,kO,,,,347,170,177,131
01204893005,3,s,kOT,,,,145,72,73,51
01204893006,3,s,kOU,,,,202,98,104,80
012048950,2,s,,,,,2057,960,1097,836
01204895001,3,s,P,,,,150,68,82,64
01204895002,3,s,Q,,,,164,84,80,73
01204895003,3,s,R,,,,129,62,67,49
01204895004,3,s,S,,,,333,152,181,130
01204895005,3,s,T,,,,421,196,225,178
01204895006,3,s,U,,,,249,121,128,98
01204895007,3,s,V,,,,405,182,223,164
01204895008,3,s,W,,,,206,95,111,80
012048960,2,s,,,,,798,379,419,310
01204896001,3,s,P,,,,290,137,153,105
01204896002,3,s,Q,,,,239,119,120,89
01204896003,3,s,R,,,,198,98,100,65
01204896006,3,s,U,,,,71,25,46,51
012049010,2,s,Hƒcn,,,,46,21,25,21
01204901001,3,s,HƒcnP,,,,23,11,12,11
01204901002,3,s,HƒcnQ,,,,23,10,13,10
012049020,2,s,Hƒcn,,,,-,-,-,-
01204902001,3,s,HƒcnP,,,,-,-,-,-
01204902002,3,s,HƒcnQ,,,,-,-,-,-
012049030,2,s,HƒcnO,,,,-,-,-,-
01204903001,3,s,HƒcnOP,,,,-,-,-,-
01204903002,3,s,HƒcnOQ,,,,-,-,-,-
012049040,2,s,Hƒcnl,,,,-,-,-,-
01204904001,3,s,HƒcnlP,,,,-,-,-,-
01204904002,3,s,HƒcnlQ,,,,-,-,-,-
01204904003,3,s,HƒcnlR,,,,-,-,-,-
012049050,2,s,Hƒcn܏,,,,-,-,-,-
01204905002,3,s,Hƒcn܏Q,,,,-,-,-,-
01204905003,3,s,Hƒcn܏R,,,,-,-,-,-
012049110,2,s,,,,,212,106,106,96
01204911001,3,s,P,,,,9,4,5,3
01204911002,3,s,Q,,,,-,-,-,-
01204911003,3,s,R,,,,52,24,28,25
01204911004,3,s,S,,,,93,52,41,41
01204911005,3,s,T,,,,42,19,23,19
01204911006,3,s,U,,,,16,7,9,8
012049120,2,s,,,,,516,261,255,213
01204912001,3,s,P,,,,-,-,-,-
01204912002,3,s,Q,,,,192,92,100,66
01204912003,3,s,R,,,,38,22,16,20
01204912004,3,s,S,,,,48,26,22,24
01204912005,3,s,T,,,,131,65,66,51
01204912006,3,s,U,,,,107,56,51,52
012049130,2,s,O,,,,250,112,138,113
012049140,2,s,l,,,,122,55,67,57
012049210,2,s,΂u,,,,395,199,196,156
01204921001,3,s,΂uP,,,,229,112,117,91
01204921002,3,s,΂uQ,,,,166,87,79,65
012049220,2,s,΂u,,,,511,237,274,184
01204922001,3,s,΂uP,,,,67,31,36,22
01204922002,3,s,΂uQ,,,,444,206,238,162
012049230,2,s,΂uO,,,,702,316,386,259
01204923001,3,s,΂uOP,,,,313,144,169,111
01204923002,3,s,΂uOQ,,,,389,172,217,148
012049240,2,s,΂ul,,,,117,50,67,43
01204924001,3,s,΂ulP,,,,44,20,24,15
01204924002,3,s,΂ulQ,,,,73,30,43,28
012049250,2,s,΂u܏,,,,-,-,-,-
01204925001,3,s,΂u܏P,,,,-,-,-,-
01204925002,3,s,΂u܏Q,,,,-,-,-,-
012049310,2,s,΂u,,,,279,96,183,5
01204931001,3,s,΂uP,,,,149,77,72,2
01204931002,3,s,΂uQ,,,,130,19,111,3
01204931003,3,s,΂uR,,,,-,-,-,-
01204931004,3,s,΂uS,,,,-,-,-,-
012049320,2,s,΂u,,,,1283,540,743,513
01204932001,3,s,΂uP,,,,93,10,83,65
01204932003,3,s,΂uR,,,,363,167,196,138
01204932004,3,s,΂uS,,,,827,363,464,310
012049330,2,s,΂uO,,,,51,25,26,34
01204933001,3,s,΂uOP,,,,24,8,16,23
01204933002,3,s,΂uOQ,,,,4,2,2,2
01204933003,3,s,΂uOR,,,,23,15,8,9
012049340,2,s,΂ul,,,,866,400,466,435
01204934001,3,s,΂ulP,,,,417,197,220,231
01204934002,3,s,΂ulQ,,,,262,115,147,125
01204934003,3,s,΂ulR,,,,187,88,99,79
012049350,2,s,΂u܏,,,,1167,546,621,488
01204935001,3,s,΂u܏P,,,,771,356,415,354
01204935002,3,s,΂u܏Q,,,,345,170,175,113
01204935003,3,s,΂u܏R,,,,51,20,31,21
012049410,2,s,䗿,,,,186,95,91,61
01204941001,3,s,䗿P,,,,186,95,91,61
01204941002,3,s,䗿Q,,,,-,-,-,-
012049420,2,s,䗿,,,,878,421,457,296
01204942001,3,s,䗿P,,,,444,213,231,156
01204942002,3,s,䗿Q,,,,432,207,225,139
01204942003,3,s,䗿R,,,,2,1,1,1
012049430,2,s,䗿O,,,,748,356,392,241
01204943001,3,s,䗿OP,,,,283,140,143,92
01204943002,3,s,䗿OQ,,,,453,211,242,146
01204943003,3,s,䗿OR,,,,12,5,7,3
012049440,2,s,䗿l,,,,120,57,63,42
01204944001,3,s,䗿lP,,,,35,16,19,15
01204944002,3,s,䗿lQ,,,,85,41,44,27
01204944003,3,s,䗿lR,,,,-,-,-,-
012049450,2,s,䗿܏,,,,4,1,3,1
01204945001,3,s,䗿܏P,,,,-,-,-,-
01204945002,3,s,䗿܏Q,,,,4,1,3,1
012049550,2,s,ߕܐ,,,,-,-,-,-
01204955004,3,s,ߕܐS,,,,-,-,-,-
01204955005,3,s,ߕܐT,,,,-,-,-,-
01204955011,3,s,ߕܐQ,,,,-,-,-,-
012049560,2,s,ߕZ,,,,-,-,-,-
012049570,2,s,ߕ,,,,23,23,-,2
