KEY_CODE,HYOSYO,CITYNAME,NAME,HTKSYORI,HTKSAKI,GASSAN,T000572001,T000572002,T000572003,T000572004
,,,,,,,l,j,,ё
01203,1,Ms,,,,,131928,59514,72414,57711
012030010,2,Ms,`,,,,8,2,6,4
012030020,2,Ms,䒬,,,,74,29,45,41
012030030,2,Ms,_,,,,576,240,336,324
012030040,2,Ms,,,,,606,274,332,312
012030050,2,Ms,Rc,,,,763,340,423,431
012030060,2,Ms,ԉ,,,,4708,1966,2742,2517
01203006001,3,Ms,ԉP,,,,464,171,293,294
01203006002,3,Ms,ԉQ,,,,896,355,541,412
01203006003,3,Ms,ԉR,,,,1561,642,919,879
01203006004,3,Ms,ԉS,,,,1435,638,797,761
01203006005,3,Ms,ԉT,,,,352,160,192,171
012030070,2,Ms,Ly,,,,-,-,-,-
012030080,2,Ms,Zg,,,,1075,466,609,515
012030090,2,Ms,Zm],,,,738,314,424,353
01203009001,3,Ms,Zm]P,,,,455,189,266,226
01203009002,3,Ms,Zm]Q,,,,283,125,158,127
012030100,2,Ms,D,,,,5651,2477,3174,2706
01203010001,3,Ms,DP,,,,786,335,451,462
01203010002,3,Ms,DQ,,,,1109,482,627,531
01203010003,3,Ms,DR,,,,1137,509,628,535
01203010004,3,Ms,DS,,,,1646,709,937,745
01203010005,3,Ms,DT,,,,973,442,531,433
012030110,2,Ms,P},,,,2416,1109,1307,1105
01203011001,3,Ms,P}P,,,,1525,694,831,699
01203011002,3,Ms,P}Q,,,,891,415,476,406
012030120,2,Ms,ŏ,,,,3675,1657,2018,1704
01203012001,3,Ms,ŏP,,,,1600,717,883,775
01203012002,3,Ms,ŏQ,,,,2075,940,1135,929
012030130,2,Ms,VR,,,,-,-,-,-
012030140,2,Ms,M,,,,367,177,190,194
012030150,2,Ms,ᏼ,,,,1162,479,683,577
01203015001,3,Ms,ᏼP,,,,522,214,308,264
01203015002,3,Ms,ᏼQ,,,,640,265,375,313
012030160,2,Ms,,,,,5223,2350,2873,2344
01203016001,3,Ms,P,,,,1244,575,669,593
01203016002,3,Ms,Q,,,,602,260,342,259
01203016003,3,Ms,R,,,,1365,606,759,610
01203016004,3,Ms,S,,,,1593,710,883,715
01203016005,3,Ms,T,,,,419,199,220,167
012030170,2,Ms,V_,,,,2485,1148,1337,1038
01203017001,3,Ms,V_P,,,,1578,707,871,671
01203017002,3,Ms,V_Q,,,,727,358,369,292
01203017003,3,Ms,V_R,,,,180,83,97,75
01203017004,3,Ms,V_S,,,,-,-,-,-
012030180,2,Ms,Vx,,,,1023,451,572,514
012030190,2,Ms,^h,,,,1377,606,771,642
01203019001,3,Ms,^hP,,,,1218,537,681,565
01203019002,3,Ms,^hQ,,,,159,69,90,77
012030200,2,Ms,z`,,,,961,417,544,564
012030210,2,Ms,[,,,,1003,455,548,451
012030220,2,Ms,|,,,,2952,1370,1582,1274
012030230,2,Ms,,,,,1912,878,1034,815
01203023001,3,Ms,P,,,,1020,469,551,420
01203023002,3,Ms,Q,,,,833,382,451,367
01203023003,3,Ms,R,,,,41,19,22,20
01203023004,3,Ms,S,,,,18,8,10,8
012030240,2,Ms,Dl,,,,162,80,82,69
012030250,2,Ms,,,,,11064,5159,5905,4512
01203025001,3,Ms,P,,,,2480,1135,1345,1041
01203025002,3,Ms,Q,,,,3049,1386,1663,1352
01203025003,3,Ms,R,,,,2106,999,1107,795
01203025004,3,Ms,S,,,,857,413,444,316
01203025005,3,Ms,T,,,,2572,1226,1346,1008
012030260,2,Ms,,,,,1868,869,999,783
01203026001,3,Ms,P,,,,100,53,47,49
01203026002,3,Ms,Q,,,,650,290,360,274
01203026003,3,Ms,R,,,,870,407,463,370
01203026004,3,Ms,S,,,,248,119,129,90
012030271,2,Ms,V,,,,9144,3955,5189,3446
01203027101,3,Ms,VP,,,,2985,1294,1691,1125
01203027102,3,Ms,VQ,,,,1712,665,1047,560
01203027103,3,Ms,VR,,,,1818,820,998,737
01203027104,3,Ms,VS,,,,1245,531,714,461
01203027105,3,Ms,VT,,,,1384,645,739,563
012030272,2,Ms,V,,,,660,325,335,197
012030280,2,Ms,쉷,,,,1024,413,611,307
01203028001,3,Ms,쉷P,,,,603,288,315,235
01203028002,3,Ms,쉷Q,,,,421,125,296,72
01203028003,3,Ms,쉷R,,,,-,-,-,-
012030290,2,Ms,]m,,,,3872,1783,2089,1319
01203029001,3,Ms,]mP,,,,1079,508,571,398
01203029002,3,Ms,]mQ,,,,2084,943,1141,697
01203029003,3,Ms,]mR,,,,709,332,377,224
012030300,2,Ms,O,,,,766,368,398,312
012030310,2,Ms,t,,,,273,125,148,102
012030320,2,Ms,K,,,,6527,3152,3375,2724
01203032001,3,Ms,KP,,,,2422,1171,1251,1053
01203032002,3,Ms,KQ,,,,2575,1189,1386,1139
01203032003,3,Ms,KR,,,,1530,792,738,532
01203032004,3,Ms,KS,,,,-,-,-,-
01203032005,3,Ms,KT,,,,-,-,-,-
012030330,2,Ms,,,,,1077,535,542,314
012030340,2,Ms,쒬,,,,1378,673,705,505
012030350,2,Ms,j,,,,2631,1222,1409,1240
012030500,2,Ms,F,,,,1588,696,892,836
01203050001,3,Ms,FP,,,,727,316,411,411
01203050002,3,Ms,FQ,,,,708,312,396,357
01203050003,3,Ms,FR,,,,153,68,85,68
012030510,2,Ms,,,,,4853,2043,2810,2431
01203051001,3,Ms,P,,,,464,163,301,200
01203051002,3,Ms,Q,,,,682,279,403,323
01203051003,3,Ms,R,,,,1004,430,574,573
01203051004,3,Ms,S,,,,1000,435,565,531
01203051005,3,Ms,T,,,,1703,736,967,804
012030520,2,Ms,x,,,,2988,1352,1636,1479
01203052001,3,Ms,xP,,,,1218,569,649,648
01203052002,3,Ms,xQ,,,,1770,783,987,831
012030530,2,Ms,,,,,5559,2593,2966,2866
01203053001,3,Ms,΂P,,,,2168,1004,1164,1166
01203053002,3,Ms,΂Q,,,,1929,880,1049,938
01203053003,3,Ms,΂R,,,,1327,635,692,664
01203053004,3,Ms,΂S,,,,122,70,52,92
01203053005,3,Ms,΂T,,,,13,4,9,6
012030540,2,Ms,,,,,-,-,-,-
012030550,2,Ms,ђ,,,,717,319,398,350
012030560,2,Ms,L쒬,,,,871,385,486,388
012030570,2,Ms,ΎR,,,,1407,646,761,646
012030580,2,Ms,{,,,,785,344,441,349
01203058001,3,Ms,{P,,,,128,57,71,53
01203058002,3,Ms,{Q,,,,315,126,189,145
01203058003,3,Ms,{R,,,,342,161,181,151
012030590,2,Ms,L,,,,1741,774,967,795
012030600,2,Ms,~P},,,,1334,583,751,629
012030610,2,Ms,,,,,1307,589,718,561
012030620,2,Ms,,,,,7128,3241,3887,2944
01203062001,3,Ms,P,,,,1060,483,577,507
01203062002,3,Ms,Q,,,,1251,539,712,562
01203062003,3,Ms,R,,,,1886,894,992,627
01203062004,3,Ms,S,,,,1438,661,777,644
01203062005,3,Ms,T,,,,1493,664,829,604
012030630,2,Ms,K,,,,4409,2042,2367,1689
01203063001,3,Ms,KP,,,,14,6,8,8
01203063002,3,Ms,KQ,,,,1963,906,1057,712
01203063003,3,Ms,KR,,,,1109,513,596,435
01203063004,3,Ms,KS,,,,1323,617,706,534
012030640,2,Ms,I^C,,,,4066,1794,2272,1587
01203064001,3,Ms,I^CP,,,,2493,1076,1417,969
01203064002,3,Ms,I^CQ,,,,285,135,150,122
01203064003,3,Ms,I^CR,,,,1287,582,705,495
01203064004,3,Ms,I^CS,,,,1,1,-,1
012030650,2,Ms,,,,,3384,1548,1836,1420
01203065001,3,Ms,P,,,,297,135,162,120
01203065002,3,Ms,Q,,,,644,299,345,292
01203065003,3,Ms,R,,,,788,354,434,342
01203065004,3,Ms,S,,,,537,261,276,214
01203065005,3,Ms,T,,,,1118,499,619,452
012030660,2,Ms,Ԋ,,,,3481,1515,1966,1416
01203066001,3,Ms,ԊP,,,,1640,729,911,707
01203066002,3,Ms,ԊQ,,,,1841,786,1055,709
01203066003,3,Ms,ԊR,,,,-,-,-,-
012030670,2,Ms,j,,,,2170,947,1223,909
01203067001,3,Ms,jÂP,,,,1019,421,598,448
01203067002,3,Ms,jÂQ,,,,652,304,348,267
01203067003,3,Ms,jÂR,,,,499,222,277,194
01203067004,3,Ms,jÂS,,,,-,-,-,-
012030680,2,Ms,J,,,,3535,1602,1933,1536
01203068001,3,Ms,JP,,,,1607,702,905,747
01203068002,3,Ms,JQ,,,,1496,676,820,611
01203068003,3,Ms,JR,,,,175,94,81,74
01203068004,3,Ms,JS,,,,257,130,127,104
01203068005,3,Ms,JT,,,,-,-,-,-
012030690,2,Ms,,,,,184,89,95,78
01203069001,3,Ms,P,,,,177,85,92,73
01203069002,3,Ms,Q,,,,7,4,3,5
01203069003,3,Ms,R,,,,-,-,-,-
012030700,2,Ms,EH,,,,378,168,210,148
01203070001,3,Ms,EHP,,,,272,119,153,109
01203070002,3,Ms,EHQ,,,,106,49,57,39
01203070003,3,Ms,EHR,,,,-,-,-,-
012030710,2,Ms,,,,,837,375,462,394
01203071001,3,Ms,P,,,,745,333,412,351
01203071002,3,Ms,Q,,,,92,42,50,43
01203071003,3,Ms,R,,,,-,-,-,-
012030720,2,Ms,ʒ,,,,5,5,-,5
