KEY_CODE,HYOSYO,CITYNAME,NAME,HTKSYORI,HTKSAKI,GASSAN,T000572001,T000572002,T000572003,T000572004
,,,,,,,l,j,,ё
01213,1,Ϗqs,,,,,173320,84687,88633,76289
012130010,2,Ϗqs,t,,,,2170,972,1198,923
01213001001,3,Ϗqs,tP,,,,852,388,464,408
01213001002,3,Ϗqs,tQ,,,,1318,584,734,515
012130020,2,Ϗqs,,,,,756,304,452,421
01213002001,3,Ϗqs,P,,,,89,39,50,47
01213002002,3,Ϗqs,Q,,,,564,214,350,317
01213002003,3,Ϗqs,R,,,,-,-,-,-
01213002004,3,Ϗqs,S,,,,103,51,52,57
012130030,2,Ϗqs,,,,,1112,564,548,591
01213003001,3,Ϗqs,򒬂P,,,,822,411,411,428
01213003002,3,Ϗqs,򒬂Q,,,,290,153,137,163
012130040,2,Ϗqs,q,,,,908,490,418,346
01213004001,3,Ϗqs,qP,,,,530,283,247,186
01213004002,3,Ϗqs,qQ,,,,-,-,-,-
01213004003,3,Ϗqs,qR,,,,378,207,171,160
012130050,2,Ϗqs,咬,,,,192,88,104,101
01213005001,3,Ϗqs,咬P,,,,99,46,53,60
01213005002,3,Ϗqs,咬Q,,,,93,42,51,41
012130060,2,Ϗqs,H,,,,1561,809,752,896
01213006001,3,Ϗqs,HP,,,,702,354,348,400
01213006002,3,Ϗqs,HQ,,,,859,455,404,496
012130070,2,Ϗqs,\,,,,670,294,376,442
01213007001,3,Ϗqs,\P,,,,136,61,75,72
01213007002,3,Ϗqs,\Q,,,,6,5,1,5
01213007003,3,Ϗqs,\R,,,,11,5,6,6
01213007004,3,Ϗqs,\S,,,,115,5,110,69
01213007005,3,Ϗqs,\T,,,,401,218,183,289
01213007006,3,Ϗqs,\U,,,,1,-,1,1
012130080,2,Ϗqs,t,,,,2005,1009,996,1081
01213008001,3,Ϗqs,tP,,,,609,327,282,373
01213008002,3,Ϗqs,tQ,,,,639,312,327,319
01213008003,3,Ϗqs,tR,,,,757,370,387,389
012130090,2,Ϗqs,؏꒬,,,,1551,760,791,826
01213009001,3,Ϗqs,؏꒬P,,,,104,58,46,49
01213009002,3,Ϗqs,؏꒬Q,,,,863,414,449,460
01213009003,3,Ϗqs,؏꒬R,,,,584,288,296,317
01213009004,3,Ϗqs,؏꒬S,,,,-,-,-,-
012130100,2,Ϗqs,[k,,,,1595,742,853,765
01213010001,3,Ϗqs,[kP,,,,895,425,470,431
01213010002,3,Ϗqs,[kQ,,,,700,317,383,334
012130110,2,Ϗqs,,,,,400,172,228,254
01213011001,3,Ϗqs,P,,,,232,98,134,157
01213011002,3,Ϗqs,Q,,,,168,74,94,97
012130120,2,Ϗqs,K,,,,554,277,277,311
01213012001,3,Ϗqs,KP,,,,272,137,135,144
01213012002,3,Ϗqs,KQ,,,,282,140,142,167
012130130,2,Ϗqs,h,,,,775,341,434,433
01213013001,3,Ϗqs,hP,,,,308,144,164,173
01213013002,3,Ϗqs,hQ,,,,286,119,167,150
01213013003,3,Ϗqs,hR,,,,181,78,103,110
012130140,2,Ϗqs,O,,,,4595,2167,2428,1917
01213014001,3,Ϗqs,OP,,,,997,450,547,426
01213014002,3,Ϗqs,OQ,,,,1096,539,557,503
01213014003,3,Ϗqs,OR,,,,689,320,369,280
01213014004,3,Ϗqs,OS,,,,596,276,320,225
01213014005,3,Ϗqs,OT,,,,846,409,437,357
01213014006,3,Ϗqs,OU,,,,371,173,198,126
012130150,2,Ϗqs,,,,,1068,527,541,487
01213015001,3,Ϗqs,P,,,,57,24,33,22
01213015002,3,Ϗqs,Q,,,,341,163,178,134
01213015003,3,Ϗqs,R,,,,670,340,330,331
012130160,2,Ϗqs,,,,,726,391,335,278
01213016001,3,Ϗqs,P,,,,391,232,159,151
01213016002,3,Ϗqs,Q,,,,335,159,176,127
01213016003,3,Ϗqs,R,,,,-,-,-,-
01213016004,3,Ϗqs,S,,,,-,-,-,-
012130170,2,Ϗqs,,,,,412,194,218,190
01213017001,3,Ϗqs,P,,,,-,-,-,-
01213017002,3,Ϗqs,Q,,,,412,194,218,190
012130180,2,Ϗqs,Vx,,,,769,374,395,387
01213018001,3,Ϗqs,VxP,,,,387,180,207,188
01213018002,3,Ϗqs,VxQ,,,,382,194,188,199
012130190,2,Ϗqs,L,,,,2275,1039,1236,1226
01213019001,3,Ϗqs,LP,,,,1605,687,918,898
01213019002,3,Ϗqs,LQ,,,,572,299,273,277
01213019003,3,Ϗqs,LR,,,,98,53,45,51
012130200,2,Ϗqs,Zg,,,,2083,911,1172,950
01213020001,3,Ϗqs,ZgP,,,,1214,514,700,579
01213020002,3,Ϗqs,ZgQ,,,,869,397,472,371
012130210,2,Ϗqs,听,,,,4227,1798,2429,2034
01213021001,3,Ϗqs,听P,,,,3782,1587,2195,1816
01213021002,3,Ϗqs,听Q,,,,445,211,234,218
012130220,2,Ϗqs,,,,,776,368,408,424
01213022001,3,Ϗqs,P,,,,305,153,152,172
01213022002,3,Ϗqs,Q,,,,471,215,256,252
012130230,2,Ϗqs,ђ,,,,255,123,132,153
01213023001,3,Ϗqs,ђP,,,,73,32,41,37
01213023002,3,Ϗqs,ђQ,,,,182,91,91,116
012130240,2,Ϗqs,ԉ,,,,2914,1386,1528,1367
01213024001,3,Ϗqs,ԉP,,,,425,205,220,199
01213024002,3,Ϗqs,ԉQ,,,,711,321,390,315
01213024003,3,Ϗqs,ԉR,,,,811,383,428,367
01213024004,3,Ϗqs,ԉS,,,,967,477,490,486
012130250,2,Ϗqs,l,,,,474,250,224,249
01213025001,3,Ϗqs,lP,,,,199,109,90,103
01213025002,3,Ϗqs,lQ,,,,275,141,134,146
012130260,2,Ϗqs,̏o,,,,1821,943,878,799
01213026001,3,Ϗqs,̏oP,,,,856,446,410,376
01213026002,3,Ϗqs,̏oQ,,,,965,497,468,423
012130270,2,Ϗqs,ot,,,,2617,1308,1309,1370
01213027001,3,Ϗqs,otP,,,,893,441,452,499
01213027002,3,Ϗqs,otQ,,,,829,395,434,412
01213027003,3,Ϗqs,otR,,,,895,472,423,459
012130280,2,Ϗqs,k,,,,2059,993,1066,988
01213028001,3,Ϗqs,kP,,,,50,49,1,48
01213028002,3,Ϗqs,kQ,,,,476,205,271,219
01213028003,3,Ϗqs,kR,,,,708,320,388,311
01213028004,3,Ϗqs,kS,,,,825,419,406,410
012130290,2,Ϗqs,{,,,,382,178,204,226
01213029001,3,Ϗqs,{P,,,,130,59,71,69
01213029002,3,Ϗqs,{Q,,,,252,119,133,157
012130300,2,Ϗqs,{K,,,,238,127,111,130
01213030001,3,Ϗqs,{KP,,,,58,28,30,24
01213030002,3,Ϗqs,{KQ,,,,180,99,81,106
012130310,2,Ϗqs,,,,,415,208,207,163
012130320,2,Ϗqs,,,,,4127,2205,1922,2072
01213032001,3,Ϗqs,P,,,,954,587,367,523
01213032002,3,Ϗqs,Q,,,,932,477,455,469
01213032003,3,Ϗqs,R,,,,1070,578,492,562
01213032004,3,Ϗqs,S,,,,1171,563,608,518
012130330,2,Ϗqs,Β,,,,2516,1258,1258,1325
01213033001,3,Ϗqs,ΒP,,,,1358,700,658,738
01213033002,3,Ϗqs,ΒQ,,,,1158,558,600,587
012130340,2,Ϗqs,`,,,,3,1,2,1
01213034001,3,Ϗqs,`P,,,,-,-,-,-
01213034002,3,Ϗqs,`Q,,,,3,1,2,1
012130350,2,Ϗqs,R,,,,2400,1115,1285,1076
01213035001,3,Ϗqs,RP,,,,559,261,298,245
01213035002,3,Ϗqs,RQ,,,,483,227,256,239
01213035003,3,Ϗqs,RR,,,,552,255,297,253
01213035004,3,Ϗqs,RS,,,,806,372,434,339
012130360,2,Ϗqs,,,,,658,320,338,315
01213036001,3,Ϗqs,P,,,,301,143,158,142
01213036002,3,Ϗqs,Q,,,,295,137,158,126
01213036003,3,Ϗqs,R,,,,62,40,22,47
012130370,2,Ϗqs,㒬,,,,1136,543,593,580
01213037001,3,Ϗqs,㒬P,,,,517,234,283,255
01213037002,3,Ϗqs,㒬Q,,,,459,238,221,239
01213037003,3,Ϗqs,㒬R,,,,160,71,89,86
012130380,2,Ϗqs,R蒬,,,,1843,783,1060,876
01213038001,3,Ϗqs,R蒬P,,,,868,390,478,344
01213038002,3,Ϗqs,R蒬Q,,,,975,393,582,532
012130390,2,Ϗqs,퐶,,,,1916,762,1154,1041
01213039001,3,Ϗqs,퐶P,,,,65,33,32,26
01213039002,3,Ϗqs,퐶Q,,,,1851,729,1122,1015
012130400,2,Ϗqs,ᑐ,,,,1572,782,790,681
01213040001,3,Ϗqs,ᑐP,,,,188,92,96,94
01213040002,3,Ϗqs,ᑐQ,,,,-,-,-,-
01213040003,3,Ϗqs,ᑐR,,,,120,44,76,2
01213040004,3,Ϗqs,ᑐS,,,,442,257,185,246
01213040005,3,Ϗqs,ᑐT,,,,822,389,433,339
012130410,2,Ϗqs,D,,,,11,7,4,8
01213041001,3,Ϗqs,DP,,,,4,4,-,4
01213041002,3,Ϗqs,DQ,,,,7,3,4,4
01213041003,3,Ϗqs,DR,,,,-,-,-,-
012130420,2,Ϗqs,D,,,,756,398,358,396
01213042001,3,Ϗqs,DP,,,,392,189,203,183
01213042002,3,Ϗqs,DQ,,,,364,209,155,213
012130430,2,Ϗqs,V쒬,,,,2279,1169,1110,1158
01213043001,3,Ϗqs,V쒬P,,,,595,331,264,336
01213043002,3,Ϗqs,V쒬Q,,,,967,466,501,479
01213043003,3,Ϗqs,V쒬R,,,,717,372,345,343
012130440,2,Ϗqs,쒬,,,,1963,990,973,1024
01213044001,3,Ϗqs,쒬P,,,,-,-,-,-
01213044002,3,Ϗqs,쒬Q,,,,861,408,453,419
01213044003,3,Ϗqs,쒬R,,,,730,386,344,394
01213044004,3,Ϗqs,쒬S,,,,372,196,176,211
012130450,2,Ϗqs,{,,,,9,6,3,8
012130460,2,Ϗqs,C,,,,1,1,-,1
012130470,2,Ϗqs,^,,,,-,-,-,-
012130480,2,Ϗqs,L,,,,404,214,190,210
01213048001,3,Ϗqs,LP,,,,139,76,63,73
01213048002,3,Ϗqs,LQ,,,,265,138,127,137
012130490,2,Ϗqs,i,,,,1249,641,608,567
01213049001,3,Ϗqs,iP,,,,309,146,163,152
01213049002,3,Ϗqs,iQ,,,,940,495,445,415
012130500,2,Ϗqs,䒬,,,,130,73,57,69
012130510,2,Ϗqs,m,,,,1923,909,1014,943
01213051001,3,Ϗqs,mP,,,,530,262,268,245
01213051002,3,Ϗqs,mQ,,,,371,181,190,164
01213051003,3,Ϗqs,mR,,,,1022,466,556,534
012130520,2,Ϗqs,g,,,,2935,1411,1524,1412
01213052001,3,Ϗqs,gP,,,,403,206,197,184
01213052002,3,Ϗqs,gQ,,,,296,154,142,149
01213052003,3,Ϗqs,gR,,,,855,408,447,412
01213052004,3,Ϗqs,gS,,,,1381,643,738,667
012130530,2,Ϗqs,쒬,,,,6920,3256,3664,2594
01213053001,3,Ϗqs,쒬P,,,,509,243,266,211
01213053002,3,Ϗqs,쒬Q,,,,582,286,296,242
01213053003,3,Ϗqs,쒬R,,,,907,412,495,367
01213053004,3,Ϗqs,쒬S,,,,949,441,508,353
01213053005,3,Ϗqs,쒬T,,,,1433,695,738,523
01213053006,3,Ϗqs,쒬U,,,,909,433,476,352
01213053007,3,Ϗqs,쒬V,,,,849,356,493,257
01213053008,3,Ϗqs,쒬W,,,,782,390,392,289
012130540,2,Ϗqs,Ƃ풬,,,,4048,1916,2132,1586
01213054001,3,Ϗqs,Ƃ풬P,,,,706,342,364,292
01213054002,3,Ϗqs,Ƃ풬Q,,,,759,363,396,296
01213054003,3,Ϗqs,Ƃ풬R,,,,534,252,282,174
01213054004,3,Ϗqs,Ƃ풬S,,,,883,430,453,343
01213054005,3,Ϗqs,Ƃ풬T,,,,539,244,295,220
01213054006,3,Ϗqs,Ƃ풬U,,,,627,285,342,261
012130550,2,Ϗqs,ؒ,,,,3855,1820,2035,1600
01213055001,3,Ϗqs,ؒP,,,,971,488,483,464
01213055002,3,Ϗqs,ؒQ,,,,1250,568,682,465
01213055003,3,Ϗqs,ؒR,,,,791,374,417,334
01213055004,3,Ϗqs,ؒS,,,,843,390,453,337
012130560,2,Ϗqs,炩Β,,,,4771,2257,2514,2108
01213056001,3,Ϗqs,炩ΒP,,,,669,316,353,292
01213056002,3,Ϗqs,炩ΒQ,,,,710,328,382,321
01213056003,3,Ϗqs,炩ΒR,,,,1053,520,533,474
01213056004,3,Ϗqs,炩ΒS,,,,785,353,432,349
01213056005,3,Ϗqs,炩ΒT,,,,507,232,275,224
01213056006,3,Ϗqs,炩ΒU,,,,1047,508,539,448
012130570,2,Ϗqs,V,,,,5765,2788,2977,2760
01213057001,3,Ϗqs,VP,,,,498,243,255,198
01213057002,3,Ϗqs,VQ,,,,632,326,306,281
01213057003,3,Ϗqs,VR,,,,709,325,384,272
01213057004,3,Ϗqs,VS,,,,2361,1058,1303,1245
01213057005,3,Ϗqs,VT,,,,945,537,408,498
01213057006,3,Ϗqs,VU,,,,620,299,321,266
012130580,2,Ϗqs,L쒬,,,,2755,1324,1431,1163
01213058001,3,Ϗqs,L쒬P,,,,144,75,69,62
01213058002,3,Ϗqs,L쒬Q,,,,651,304,347,276
01213058003,3,Ϗqs,L쒬R,,,,1217,587,630,526
01213058004,3,Ϗqs,L쒬S,,,,743,358,385,299
012130590,2,Ϗqs,ڂ̒,,,,13,11,2,10
01213059001,3,Ϗqs,ڂ̒P,,,,3,3,-,3
01213059002,3,Ϗqs,ڂ̒Q,,,,1,1,-,1
01213059003,3,Ϗqs,ڂ̒R,,,,9,7,2,6
01213059004,3,Ϗqs,ڂ̒S,,,,-,-,-,-
01213059005,3,Ϗqs,ڂ̒T,,,,-,-,-,-
012130600,2,Ϗqs,V,,,,2314,1224,1090,1090
01213060001,3,Ϗqs,VP,,,,11,9,2,10
01213060002,3,Ϗqs,VQ,,,,23,20,3,22
01213060003,3,Ϗqs,VR,,,,2,1,1,1
01213060004,3,Ϗqs,VS,,,,1257,683,574,607
01213060005,3,Ϗqs,VT,,,,1021,511,510,450
012130621,2,Ϗqs,{̐X,,,,982,473,509,382
01213062101,3,Ϗqs,{̐XP,,,,262,126,136,94
01213062102,3,Ϗqs,{̐XQ,,,,720,347,373,288
012130623,2,Ϗqs,⒬,,,,1378,683,695,441
01213062301,3,Ϗqs,⒬P,,,,597,301,296,191
01213062302,3,Ϗqs,⒬Q,,,,781,382,399,250
012130624,2,Ϗqs,,,,,952,478,474,450
01213062401,3,Ϗqs,S암,,,,872,438,434,417
01213062402,3,Ϗqs,O[qcn,,,,-,-,-,-
01213062403,3,Ϗqs,SkRԕ,,,,80,40,40,33
012130630,2,Ϗqs,Ac,,,,1502,691,811,397
012130640,2,Ϗqs,,,,,-,-,-,-
012130650,2,Ϗqs,Ð,,,,-,-,-,-
012130660,2,Ϗqs,u,,,,1159,602,557,467
01213066001,3,Ϗqs,un,,,,78,39,39,32
01213066002,3,Ϗqs,uu˒n,,,,1067,558,509,429
01213066003,3,Ϗqs,un,,,,14,5,9,6
012130670,2,Ϗqs,MO,,,,1168,508,660,113
012130690,2,Ϗqs,щ,,,,3237,1692,1545,1140
01213069001,3,Ϗqs,щS암,,,,447,208,239,201
01213069002,3,Ϗqs,щSk,,,,977,595,382,231
01213069003,3,Ϗqs,щѐn,,,,1813,889,924,708
012130701,2,Ϗqs,J,,,,4147,2070,2077,1755
01213070101,3,Ϗqs,JP,,,,888,456,432,369
01213070102,3,Ϗqs,JQ,,,,309,145,164,101
01213070103,3,Ϗqs,JR,,,,671,383,288,323
01213070104,3,Ϗqs,JS,,,,1152,543,609,463
01213070105,3,Ϗqs,JT,,,,691,331,360,292
01213070106,3,Ϗqs,JU,,,,436,212,224,207
012130702,2,Ϗqs,E,,,,3952,2145,1807,1710
012130703,2,Ϗqs,E,,,,5629,2903,2726,2152
012130704,2,Ϗqs,kh,,,,2833,1503,1330,1110
012130705,2,Ϗqs,m[,,,,7567,3857,3710,2949
01213070502,3,Ϗqs,m[S암`,,,,3761,1952,1809,1681
01213070503,3,Ϗqs,m[쑤,,,,-,-,-,-
01213070504,3,Ϗqs,m[[,,,,90,44,46,43
01213070505,3,Ϗqs,m[EgiC搮n,,,,3716,1861,1855,1225
012130710,2,Ϗqs,ٓV,,,,-,-,-,-
012130720,2,Ϗqs,ێR,,,,-,-,-,-
012130730,2,Ϗqs,,,,,311,195,116,175
012130740,2,Ϗqs,E,,,,2327,1168,1159,1010
012130750,2,Ϗqs,ؒ,,,,4503,2132,2371,1936
01213075001,3,Ϗqs,ؒP,,,,894,433,461,402
01213075002,3,Ϗqs,ؒQ,,,,666,307,359,285
01213075003,3,Ϗqs,ؒR,,,,475,219,256,213
01213075004,3,Ϗqs,ؒS,,,,517,244,273,212
01213075005,3,Ϗqs,ؒT,,,,897,437,460,363
01213075006,3,Ϗqs,ؒU,,,,1054,492,562,461
012130760,2,Ϗqs,쉈,,,,4431,2121,2310,1716
01213076001,3,Ϗqs,쉈P,,,,907,451,456,383
01213076002,3,Ϗqs,쉈Q,,,,603,284,319,217
01213076003,3,Ϗqs,쉈R,,,,1089,526,563,388
01213076004,3,Ϗqs,쉈S,,,,364,168,196,137
01213076005,3,Ϗqs,쉈T,,,,731,343,388,278
01213076006,3,Ϗqs,쉈U,,,,737,349,388,313
012130770,2,Ϗqs,V,,,,6543,3253,3290,2791
01213077001,3,Ϗqs,VP,,,,1056,515,541,472
01213077002,3,Ϗqs,VQ,,,,1406,694,712,604
01213077003,3,Ϗqs,VR,,,,909,450,459,375
01213077004,3,Ϗqs,VS,,,,1175,589,586,515
01213077005,3,Ϗqs,VT,,,,1086,563,523,449
01213077006,3,Ϗqs,VU,,,,911,442,469,376
012130780,2,Ϗqs,쌳,,,,1075,548,527,434
01213078001,3,Ϗqs,쌳P,,,,651,333,318,273
01213078002,3,Ϗqs,쌳Q,,,,424,215,209,161
012130790,2,Ϗqs,VJ,,,,1153,629,524,551
01213079001,3,Ϗqs,VJP,,,,1084,590,494,523
01213079002,3,Ϗqs,VJQ,,,,6,3,3,3
01213079003,3,Ϗqs,VJR,,,,10,7,3,5
01213079004,3,Ϗqs,VJS,,,,53,29,24,20
012130800,2,Ϗqs,,,,,1567,766,801,621
01213080001,3,Ϗqs,P,,,,5,3,2,2
01213080002,3,Ϗqs,Q,,,,-,-,-,-
01213080003,3,Ϗqs,R,,,,-,-,-,-
01213080004,3,Ϗqs,S,,,,1562,763,799,619
012130810,2,Ϗqs,L̑,,,,4875,2370,2505,1878
01213081001,3,Ϗqs,L̑򒬂P,,,,249,129,120,91
01213081002,3,Ϗqs,L̑򒬂Q,,,,558,275,283,190
01213081003,3,Ϗqs,L̑򒬂R,,,,503,253,250,183
01213081004,3,Ϗqs,L̑򒬂S,,,,1047,517,530,385
01213081005,3,Ϗqs,L̑򒬂T,,,,760,368,392,345
01213081006,3,Ϗqs,L̑򒬂U,,,,896,423,473,360
01213081007,3,Ϗqs,L̑򒬂V,,,,862,405,457,324
012130820,2,Ϗqs,_,,,,1588,784,804,630
01213082001,3,Ϗqs,_P,,,,681,339,342,253
01213082002,3,Ϗqs,_Q,,,,698,336,362,285
01213082003,3,Ϗqs,_R,,,,209,109,100,92
012130830,2,Ϗqs,̂ݒ,,,,1257,626,631,561
01213083001,3,Ϗqs,̂ݒP,,,,423,212,211,182
01213083002,3,Ϗqs,̂ݒQ,,,,301,144,157,113
01213083003,3,Ϗqs,̂ݒR,,,,533,270,263,266
012130840,2,Ϗqs,,,,,1731,826,905,628
01213084001,3,Ϗqs,P,,,,539,258,281,183
01213084002,3,Ϗqs,Q,,,,629,307,322,234
01213084003,3,Ϗqs,R,,,,563,261,302,211
012130850,2,Ϗqs,{O,,,,2185,1138,1047,913
01213085001,3,Ϗqs,{OP,,,,177,100,77,56
01213085002,3,Ϗqs,{OQ,,,,676,342,334,285
01213085003,3,Ϗqs,{OR,,,,470,250,220,205
01213085004,3,Ϗqs,{OS,,,,556,289,267,255
01213085005,3,Ϗqs,{OT,,,,306,157,149,112
012130860,2,Ϗqs,,,,,3012,1410,1602,1316
01213086001,3,Ϗqs,P,,,,511,256,255,237
01213086002,3,Ϗqs,Q,,,,664,314,350,283
01213086003,3,Ϗqs,R,,,,963,477,486,380
01213086004,3,Ϗqs,S,,,,874,363,511,416
012130870,2,Ϗqs,,,,,1122,571,551,449
01213087001,3,Ϗqs,P,,,,635,332,303,245
01213087002,3,Ϗqs,Q,,,,487,239,248,204
012130880,2,Ϗqs,͂܂Ȃ,,,,507,254,253,212
01213088001,3,Ϗqs,͂܂ȂP,,,,505,253,252,211
01213088002,3,Ϗqs,͂܂ȂQ,,,,2,1,1,1
012139990,2,Ϗqs,Ϗq`,,,,-,-,-,-
