KEY_CODE,HYOSYO,CITYNAME,NAME,HTKSYORI,HTKSAKI,GASSAN,T000572001,T000572002,T000572003,T000572004
,,,,,,,l,j,,ё
01225,1,s,,,,,43170,20314,22856,18947
012250010,2,s,{,,,,1102,516,586,540
01225001001,3,s,{P,,,,196,77,119,88
01225001002,3,s,{Q,,,,129,60,69,65
01225001003,3,s,{R,,,,234,122,112,132
01225001004,3,s,{S,,,,301,140,161,135
01225001005,3,s,{T,,,,162,77,85,75
01225001006,3,s,{U,,,,80,40,40,45
012250020,2,s,咬,,,,1536,711,825,785
01225002001,3,s,咬P,,,,97,41,56,51
01225002002,3,s,咬Q,,,,289,117,172,142
01225002003,3,s,咬R,,,,264,115,149,148
01225002004,3,s,咬S,,,,322,160,162,168
01225002005,3,s,咬T,,,,294,148,146,154
01225002006,3,s,咬U,,,,270,130,140,122
012250030,2,s,Β,,,,1692,829,863,885
01225003001,3,s,ΒP,,,,121,57,64,78
01225003002,3,s,ΒQ,,,,227,108,119,113
01225003003,3,s,ΒR,,,,156,69,87,80
01225003004,3,s,ΒS,,,,206,98,108,116
01225003005,3,s,ΒT,,,,189,93,96,85
01225003006,3,s,ΒU,,,,388,181,207,206
01225003007,3,s,ΒV,,,,405,223,182,207
012250041,2,s,,,,,2072,965,1107,941
01225004101,3,s,P,,,,122,64,58,61
01225004102,3,s,Q,,,,251,106,145,118
01225004103,3,s,R,,,,289,137,152,132
01225004104,3,s,S,,,,255,117,138,110
01225004105,3,s,T,,,,440,201,239,173
01225004106,3,s,U,,,,449,217,232,229
01225004107,3,s,V,,,,266,123,143,118
012250042,2,s,,,,,1297,618,679,546
01225004200,3,s,,,,,7,4,3,4
01225004201,3,s,P,,,,52,26,26,31
01225004202,3,s,Q,,,,115,53,62,54
01225004203,3,s,R,,,,215,104,111,91
01225004204,3,s,S,,,,250,114,136,110
01225004205,3,s,T,,,,151,74,77,59
01225004206,3,s,U,,,,143,63,80,59
01225004207,3,s,V,,,,78,37,41,29
01225004208,3,s,W,,,,286,143,143,109
012250050,2,s,_,,,,707,315,392,363
01225005001,3,s,_P,,,,70,31,39,36
01225005002,3,s,_Q,,,,151,67,84,80
01225005003,3,s,_R,,,,214,98,116,114
01225005004,3,s,_S,,,,272,119,153,133
012250060,2,s,V,,,,1090,530,560,523
01225006000,3,s,V,,,,-,-,-,-
01225006001,3,s,VP,,,,237,119,118,114
01225006002,3,s,VQ,,,,138,66,72,68
01225006003,3,s,VR,,,,157,73,84,84
01225006004,3,s,VS,,,,196,90,106,92
01225006005,3,s,VT,,,,349,175,174,159
01225006006,3,s,VU,,,,13,7,6,6
012250070,2,s,Ԍ,,,,962,451,511,425
01225007001,3,s,ԌP,,,,391,197,194,199
01225007002,3,s,ԌQ,,,,176,77,99,71
01225007003,3,s,ԌR,,,,395,177,218,155
012250080,2,s,m,,,,1541,696,845,649
01225008001,3,s,mP,,,,318,157,161,147
01225008002,3,s,mQ,,,,269,119,150,106
01225008003,3,s,mR,,,,954,420,534,396
012250090,2,s,h,,,,799,363,436,390
01225009001,3,s,hP,,,,392,173,219,178
01225009002,3,s,hQ,,,,146,64,82,69
01225009003,3,s,hR,,,,124,62,62,61
01225009004,3,s,hS,,,,137,64,73,82
012250100,2,s,L,,,,845,390,455,426
01225010000,3,s,L,,,,-,-,-,-
01225010001,3,s,LP,,,,58,25,33,29
01225010002,3,s,LQ,,,,267,132,135,125
01225010003,3,s,LR,,,,284,114,170,159
01225010004,3,s,LS,,,,176,89,87,91
01225010005,3,s,LT,,,,60,30,30,22
012250110,2,s,,,,,2297,1149,1148,874
01225011000,3,s,,,,,688,386,302,190
01225011001,3,s,򒬂P,,,,960,450,510,398
01225011002,3,s,򒬂Q,,,,649,313,336,286
012250120,2,s,,,,,1712,818,894,722
01225012000,3,s,,,,,-,-,-,-
01225012001,3,s,P,,,,146,69,77,71
01225012002,3,s,Q,,,,892,427,465,379
01225012003,3,s,R,,,,674,322,352,272
012250130,2,s,K,,,,2050,1001,1049,998
01225013001,3,s,KP,,,,493,264,229,234
01225013002,3,s,KQ,,,,676,320,356,349
01225013003,3,s,KR,,,,451,221,230,218
01225013004,3,s,KS,,,,430,196,234,197
012250140,2,s,,,,,2594,1211,1383,1188
01225014001,3,s,P,,,,224,99,125,81
01225014002,3,s,Q,,,,619,270,349,278
01225014003,3,s,R,,,,430,202,228,222
01225014004,3,s,S,,,,151,69,82,71
01225014005,3,s,T,,,,364,172,192,169
01225014006,3,s,U,,,,346,165,181,141
01225014007,3,s,V,,,,162,74,88,75
01225014008,3,s,W,,,,298,160,138,151
012250150,2,s,̍⒬,,,,683,313,370,298
01225015001,3,s,̍⒬P,,,,259,127,132,117
01225015002,3,s,̍⒬Q,,,,70,31,39,30
01225015003,3,s,̍⒬R,,,,354,155,199,151
012250160,2,s,̍⒬,,,,892,402,490,410
01225016001,3,s,̍⒬P,,,,165,72,93,72
01225016002,3,s,̍⒬Q,,,,328,140,188,146
01225016003,3,s,̍⒬R,,,,399,190,209,192
012250170,2,s,ʒcn,,,,9,5,4,4
01225017001,3,s,ʒcnP,,,,7,4,3,3
01225017002,3,s,ʒcnQ,,,,-,-,-,-
01225017003,3,s,ʒcnR,,,,2,1,1,1
012250180,2,s,,,,,931,430,501,394
01225018001,3,s,P,,,,98,42,56,49
01225018002,3,s,Q,,,,235,114,121,99
01225018003,3,s,R,,,,268,119,149,114
01225018004,3,s,S,,,,330,155,175,132
012250190,2,s,,,,,2274,1101,1173,1061
01225019001,3,s,P,,,,529,259,270,290
01225019002,3,s,Q,,,,538,255,283,273
01225019003,3,s,R,,,,657,321,336,275
01225019004,3,s,S,,,,550,266,284,223
012250200,2,s,,,,,1325,620,705,591
01225020001,3,s,P,,,,305,143,162,148
01225020002,3,s,Q,,,,303,138,165,125
01225020003,3,s,R,,,,332,157,175,144
01225020004,3,s,S,,,,385,182,203,174
012250210,2,s,,,,,2469,1209,1260,1103
01225021001,3,s,P,,,,607,271,336,290
01225021002,3,s,Q,,,,651,353,298,164
01225021003,3,s,R,,,,639,304,335,334
01225021004,3,s,S,,,,572,281,291,315
012250220,2,s,,,,,23,13,10,8
01225022001,3,s,P,,,,23,13,10,8
01225022002,3,s,Q,,,,-,-,-,-
01225022003,3,s,R,,,,-,-,-,-
01225022004,3,s,S,,,,-,-,-,-
012250231,2,s,̍⒬,,,,587,294,293,223
01225023101,3,s,̍⒬P,,,,286,144,142,111
01225023102,3,s,̍⒬Q,,,,283,142,141,103
01225023103,3,s,̍⒬R,,,,18,8,10,9
012250232,2,s,̍⒬,,,,118,58,60,45
01225023201,3,s,̍⒬P,,,,6,3,3,2
01225023202,3,s,̍⒬Q,,,,44,20,24,18
01225023204,3,s,̍⒬S,,,,68,35,33,25
012250241,2,s,̍⒬,,,,174,81,93,69
01225024101,3,s,̍⒬P,,,,94,47,47,32
01225024102,3,s,̍⒬Q,,,,80,34,46,37
012250242,2,s,̍⒬,,,,205,97,108,82
01225024202,3,s,̍⒬Q,,,,78,38,40,29
01225024203,3,s,̍⒬R,,,,50,21,29,24
01225024204,3,s,̍⒬S,,,,77,38,39,29
012250250,2,s,̍⒬,,,,2,1,1,1
012250261,2,s,̐쒬,,,,979,424,555,450
01225026103,3,s,̐쒬R,,,,390,154,236,195
01225026104,3,s,̐쒬S,,,,86,37,49,38
01225026105,3,s,̐쒬T,,,,80,39,41,31
01225026106,3,s,̐쒬U,,,,64,29,35,29
01225026108,3,s,̐쒬W,,,,359,165,194,157
012250262,2,s,̐쒬,,,,145,71,74,59
01225026201,3,s,̐쒬P,,,,38,19,19,19
01225026202,3,s,̐쒬Q,,,,51,23,28,19
01225026205,3,s,̐쒬T,,,,47,25,22,17
01225026207,3,s,̐쒬V,,,,9,4,5,4
012250271,2,s,̐쒬,,,,1519,702,817,674
01225027101,3,s,̐쒬P,,,,49,25,24,19
01225027102,3,s,̐쒬Q,,,,759,338,421,313
01225027103,3,s,̐쒬R,,,,615,292,323,300
01225027104,3,s,̐쒬S,,,,96,47,49,42
012250272,2,s,̐쒬,,,,258,114,144,95
01225027201,3,s,̐쒬P,,,,106,45,61,38
01225027202,3,s,̐쒬Q,,,,57,25,32,23
01225027203,3,s,̐쒬R,,,,21,9,12,6
01225027204,3,s,̐쒬S,,,,74,35,39,28
012250280,2,s,k̐,,,,963,449,514,380
012250290,2,s,ԓc,,,,291,147,144,98
01225029001,3,s,ԓcP,,,,133,61,72,43
01225029002,3,s,ԓcQ,,,,74,38,36,26
01225029003,3,s,ԓcR,,,,84,48,36,29
01225029004,3,s,ԓcS,,,,-,-,-,-
012250301,2,s,쒬,,,,924,405,519,386
01225030101,3,s,쒬P,,,,242,107,135,110
01225030102,3,s,쒬Q,,,,87,39,48,37
01225030103,3,s,쒬R,,,,123,52,71,49
01225030104,3,s,쒬S,,,,472,207,265,190
012250302,2,s,쒬,,,,-,-,-,-
012250310,2,s,,,,,210,105,105,85
012250320,2,s,],,,,1221,562,659,543
01225032010,3,s,]PO,,,,21,9,12,8
01225032011,3,s,]PP,,,,477,218,259,218
01225032012,3,s,]PQ,,,,656,303,353,291
01225032013,3,s,]PR,,,,67,32,35,26
012250330,2,s,],,,,868,386,482,367
01225033010,3,s,]PO,,,,122,52,70,60
01225033011,3,s,]PP,,,,249,117,132,141
01225033012,3,s,]PQ,,,,400,191,209,160
01225033013,3,s,]PR,,,,97,26,71,6
012250340,2,s,],,,,2159,934,1225,673
012250350,2,s,̐,,,,147,77,70,54
012250360,2,s,,,,,51,25,26,18
012250371,2,s,,,,,1357,677,680,482
01225037102,3,s,Q,,,,74,34,40,25
01225037103,3,s,R,,,,487,230,257,163
01225037104,3,s,S,,,,338,181,157,140
01225037105,3,s,T,,,,458,232,226,154
012250372,2,s,,,,,90,49,41,39
01225037200,3,s,,,,,31,16,15,10
01225037201,3,s,P,,,,59,33,26,29
