KEY_CODE,HYOSYO,CITYNAME,NAME,HTKSYORI,HTKSAKI,GASSAN,T000572001,T000572002,T000572003,T000572004
,,,,,,,l,j,,ё
01219,1,ʎs,,,,,24750,11563,13187,11390
012190010,2,ʎs,kl,,,,489,224,265,231
01219001001,3,ʎs,klP,,,,124,70,54,60
01219001002,3,ʎs,klQ,,,,196,88,108,90
01219001003,3,ʎs,klR,,,,169,66,103,81
012190020,2,ʎs,^,,,,223,101,122,94
01219002001,3,ʎs,^P,,,,48,23,25,20
01219002002,3,ʎs,^Q,,,,30,16,14,10
01219002003,3,ʎs,^R,,,,66,28,38,34
01219002004,3,ʎs,^S,,,,35,15,20,15
01219002005,3,ʎs,^T,,,,44,19,25,15
012190030,2,ʎs,ٓV,,,,206,73,133,108
01219003001,3,ʎs,ٓVP,,,,59,21,38,30
01219003002,3,ʎs,ٓVQ,,,,61,27,34,26
01219003003,3,ʎs,ٓVR,,,,86,25,61,52
012190040,2,ʎs,K,,,,979,408,571,459
01219004001,3,ʎs,KP,,,,168,78,90,86
01219004002,3,ʎs,KQ,,,,25,11,14,11
01219004003,3,ʎs,KR,,,,40,21,19,24
01219004004,3,ʎs,KS,,,,89,26,63,16
01219004005,3,ʎs,KT,,,,25,12,13,10
01219004006,3,ʎs,KU,,,,190,73,117,72
01219004007,3,ʎs,KV,,,,335,132,203,191
01219004008,3,ʎs,KW,,,,107,55,52,49
012190050,2,ʎs,{,,,,403,178,225,185
01219005001,3,ʎs,{P,,,,85,39,46,40
01219005002,3,ʎs,{Q,,,,53,22,31,28
01219005003,3,ʎs,{R,,,,90,36,54,23
01219005004,3,ʎs,{S,,,,45,20,25,20
01219005005,3,ʎs,{T,,,,22,11,11,11
01219005006,3,ʎs,{U,,,,63,25,38,35
01219005007,3,ʎs,{V,,,,37,21,16,23
01219005008,3,ʎs,{W,,,,8,4,4,5
012190060,2,ʎs,`,,,,517,213,304,294
01219006001,3,ʎs,`P,,,,96,40,56,51
01219006002,3,ʎs,`Q,,,,13,7,6,6
01219006003,3,ʎs,`R,,,,4,2,2,3
01219006004,3,ʎs,`S,,,,65,27,38,31
01219006005,3,ʎs,`T,,,,31,21,10,23
01219006006,3,ʎs,`U,,,,148,41,107,100
01219006007,3,ʎs,`V,,,,147,69,78,74
01219006008,3,ʎs,`W,,,,13,6,7,6
012190070,2,ʎs,V`,,,,4,2,2,1
01219007001,3,ʎs,V`P,,,,-,-,-,-
01219007002,3,ʎs,V`Q,,,,4,2,2,1
01219007003,3,ʎs,V`R,,,,-,-,-,-
01219007004,3,ʎs,V`S,,,,-,-,-,-
012190080,2,ʎs,,,,,1239,580,659,619
01219008001,3,ʎs,P,,,,112,54,58,52
01219008002,3,ʎs,Q,,,,249,114,135,122
01219008003,3,ʎs,R,,,,281,133,148,144
01219008004,3,ʎs,S,,,,248,119,129,126
01219008005,3,ʎs,T,,,,349,160,189,175
012190090,2,ʎs,Β,,,,5179,2482,2697,2361
01219009001,3,ʎs,ΒP,,,,927,404,523,428
01219009002,3,ʎs,ΒQ,,,,1315,648,667,582
01219009003,3,ʎs,ΒR,,,,1406,676,730,690
01219009004,3,ʎs,ΒS,,,,849,415,434,358
01219009005,3,ʎs,ΒT,,,,508,250,258,226
01219009006,3,ʎs,ΒU,,,,174,89,85,77
01219009007,3,ʎs,ΒV,,,,-,-,-,-
012190100,2,ʎs,ԉ,,,,1856,828,1028,863
01219010001,3,ʎs,ԉP,,,,139,62,77,72
01219010002,3,ʎs,ԉQ,,,,184,77,107,91
01219010003,3,ʎs,ԉR,,,,245,117,128,117
01219010004,3,ʎs,ԉS,,,,205,100,105,104
01219010005,3,ʎs,ԉT,,,,491,199,292,178
01219010006,3,ʎs,ԉU,,,,451,213,238,237
01219010007,3,ʎs,ԉV,,,,137,58,79,62
01219010008,3,ʎs,ԉW,,,,4,2,2,2
012190110,2,ʎs,Β,,,,2108,950,1158,1064
01219011001,3,ʎs,ΒP,,,,137,54,83,79
01219011002,3,ʎs,ΒQ,,,,282,141,141,151
01219011003,3,ʎs,ΒR,,,,423,167,256,218
01219011004,3,ʎs,ΒS,,,,648,312,336,331
01219011005,3,ʎs,ΒT,,,,618,276,342,285
012190120,2,ʎs,삪u,,,,3374,1620,1754,1582
01219012001,3,ʎs,삪uP,,,,223,120,103,125
01219012002,3,ʎs,삪uQ,,,,441,219,222,242
01219012003,3,ʎs,삪uR,,,,709,309,400,341
01219012004,3,ʎs,삪uS,,,,414,186,228,178
01219012005,3,ʎs,삪uT,,,,301,144,157,134
01219012006,3,ʎs,삪uU,,,,345,185,160,165
01219012007,3,ʎs,삪uV,,,,902,438,464,381
01219012008,3,ʎs,삪uW,,,,39,19,20,16
012190130,2,ʎs,R,,,,3761,1752,2009,1672
01219013001,3,ʎs,RP,,,,1998,910,1088,882
01219013002,3,ʎs,RQ,,,,1223,579,644,556
01219013003,3,ʎs,RR,,,,231,109,122,107
01219013004,3,ʎs,RS,,,,309,154,155,127
012190140,2,ʎs,V,,,,167,79,88,72
012190201,2,ʎs,Cm,,,,-,-,-,-
012190202,2,ʎs,,,,,373,177,196,170
012190300,2,ʎs,,,,,83,41,42,26
012190310,2,ʎs,㑔,,,,9,5,4,4
012190320,2,ʎs,,,,,259,121,138,89
012190330,2,ʎs,\m,,,,11,4,7,3
012190340,2,ʎs,O,,,,11,5,6,5
012190350,2,ʎs,̏,,,,175,86,89,71
012190360,2,ʎs,u,,,,15,8,7,4
012190400,2,ʎs,,,,,2255,1121,1134,1000
01219040001,3,ʎs,P,,,,177,84,93,99
01219040002,3,ʎs,Q,,,,35,17,18,16
01219040003,3,ʎs,R,,,,43,11,32,27
01219040004,3,ʎs,S,,,,288,136,152,139
01219040005,3,ʎs,T,,,,201,97,104,89
01219040006,3,ʎs,U,,,,238,119,119,104
01219040007,3,ʎs,V,,,,136,64,72,61
01219040008,3,ʎs,W,,,,64,33,31,34
01219040009,3,ʎs,X,,,,42,19,23,17
01219040010,3,ʎs,VP,,,,225,128,97,74
01219040011,3,ʎs,VQ,,,,211,107,104,94
01219040012,3,ʎs,VR,,,,162,79,83,64
01219040013,3,ʎs,VS,,,,289,148,141,125
01219040014,3,ʎs,VT,,,,10,5,5,3
01219040015,3,ʎs,V,,,,8,5,3,4
01219040016,3,ʎs,,,,,30,18,12,12
01219040017,3,ʎs,,,,,68,35,33,28
01219040018,3,ʎs,FÁX,,,,28,16,12,10
012190500,2,ʎs,㏍,,,,1054,505,549,413
01219050001,3,ʎs,㏍P,,,,12,8,4,9
01219050002,3,ʎs,㏍Q,,,,131,59,72,59
01219050003,3,ʎs,㏍R,,,,160,76,84,69
01219050004,3,ʎs,㏍S,,,,98,40,58,49
01219050005,3,ʎs,㏍T,,,,62,30,32,33
01219050006,3,ʎs,㏍U,,,,54,27,27,29
01219050007,3,ʎs,㏍V,,,,43,23,20,22
01219050008,3,ʎs,㏍W,,,,31,16,15,12
01219050009,3,ʎs,㏍X,,,,2,-,2,2
01219050010,3,ʎs,㏍PO,,,,1,-,1,1
01219050011,3,ʎs,㏍PP,,,,57,26,31,23
01219050012,3,ʎs,㏍,,,,36,17,19,10
01219050013,3,ʎs,㏍,,,,80,38,42,27
01219050014,3,ʎs,㏍㓌,,,,74,38,36,25
01219050015,3,ʎs,㏍X,,,,20,9,11,6
01219050016,3,ʎs,㏍,,,,21,9,12,7
01219050017,3,ʎs,㏍aP,,,,105,55,50,8
01219050018,3,ʎs,㏍,,,,40,21,19,10
01219050019,3,ʎs,㏍,,,,27,13,14,12
01219050020,3,ʎs,㏍㗧,,,,-,-,-,-
01219050021,3,ʎs,㏍ÒO,,,,-,-,-,-
012190700,2,ʎs,V,,,,-,-,-,-
012190710,2,ʎs,ʎs`p,,,,-,-,-,-
012190720,2,ʎs,㍃V,,,,-,-,-,-
