KEY_CODE,HYOSYO,CITYNAME,NAME,HTKSYORI,HTKSAKI,GASSAN,T000572001,T000572002,T000572003,T000572004
,,,,,,,l,j,,ё
01217,1,]ʎs,,,,,123722,59320,64402,51170
012170020,2,]ʎs,Β,,,,559,271,288,246
01217002001,3,]ʎs,ΒP,,,,98,49,49,42
01217002002,3,]ʎs,ΒQ,,,,95,47,48,48
01217002003,3,]ʎs,ΒR,,,,323,154,169,134
01217002004,3,]ʎs,ΒS,,,,43,21,22,22
012170030,2,]ʎs,Β,,,,1025,501,524,477
01217003001,3,]ʎs,ΒP,,,,681,334,347,346
01217003002,3,]ʎs,ΒQ,,,,54,25,29,20
01217003003,3,]ʎs,ΒR,,,,290,142,148,111
012170040,2,]ʎs,,,,,61,30,31,31
012170050,2,]ʎs,q,,,,220,134,86,109
012170060,2,]ʎs,,,,,-,-,-,-
012170070,2,]ʎs,,,,,2003,965,1038,778
012170080,2,]ʎs,Ԓ,,,,1513,701,812,655
012170090,2,]ʎs,퐶,,,,1488,664,824,645
012170100,2,]ʎs,,,,,1583,745,838,695
012170110,2,]ʎs,u,,,,1645,786,859,680
012170120,2,]ʎs,],,,,1629,765,864,681
012170130,2,]ʎs,]ʓ,,,,1811,834,977,704
012170140,2,]ʎs,]ʓ쒬,,,,2016,982,1034,727
012170150,2,]ʎs,]ʐ,,,,2585,1215,1370,986
012170160,2,]ʎs,ᑐ,,,,636,310,326,211
012170170,2,]ʎs,,,,,1471,667,804,625
012170180,2,]ʎs,q꒬,,,,1483,704,779,599
012170190,2,]ʎs,],,,,2530,1228,1302,921
012170200,2,]ʎs,,,,,4824,2291,2533,1682
012170210,2,]ʎs,]ʖ{,,,,1223,574,649,448
012170220,2,]ʎs,,,,,1837,875,962,684
012170230,2,]ʎs,ڂ̒,,,,2054,960,1094,880
012170240,2,]ʎs,]ʑ,,,,391,172,219,77
012170250,2,]ʎs,,,,,540,255,285,175
012170260,2,]ʎs,,,,,353,171,182,117
012170270,2,]ʎs,,,,,65,36,29,18
012170280,2,]ʎs,,,,,144,71,73,40
012170290,2,]ʎs,Hh,,,,13,7,6,7
012170300,2,]ʎs,Ί,,,,692,349,343,250
012170310,2,]ʎs,pR,,,,272,140,132,98
012170320,2,]ʎs,Ly,,,,295,147,148,96
012170330,2,]ʎs,ђ,,,,1848,852,996,808
012170340,2,]ʎs,K,,,,1435,714,721,671
012170350,2,]ʎs,y,,,,2968,1407,1561,1510
012170360,2,]ʎs,y{,,,,4328,2040,2288,1899
012170370,2,]ʎs,yt,,,,5152,2583,2569,2286
012170380,2,]ʎs,y,,,,311,155,156,108
012170390,2,]ʎs,y,,,,1488,678,810,551
012170400,2,]ʎs,yԓc,,,,1914,886,1028,736
012170410,2,]ʎs,yK,,,,1311,646,665,489
012170420,2,]ʎs,,,,,1444,671,773,565
012170430,2,]ʎs,y,,,,1344,678,666,700
012170440,2,]ʎs,yL,,,,1543,727,816,705
012170450,2,]ʎs,yZg,,,,1663,785,878,670
012170460,2,]ʎs,yXؒ,,,,2705,1259,1446,1147
012170470,2,]ʎs,y,,,,684,308,376,181
012170480,2,]ʎs,y,,,,2327,1095,1232,965
012170490,2,]ʎs,y,,,,2265,1023,1242,958
012170500,2,]ʎs,΃u,,,,2474,1282,1192,1077
012170510,2,]ʎs,y,,,,370,216,154,86
012170520,2,]ʎs,䓌,,,,3293,1846,1447,2374
012170530,2,]ʎs,쒬,,,,2385,1190,1195,1113
012170540,2,]ʎs,Β,,,,375,197,178,4
012170550,2,]ʎs,,,,,3450,2003,1447,2398
012170560,2,]ʎs,喃,,,,65,33,32,26
012170570,2,]ʎs,喃,,,,944,420,524,392
012170580,2,]ʎs,喃,,,,487,253,234,236
012170590,2,]ʎs,喃,,,,2013,925,1088,981
012170600,2,]ʎs,喃,,,,1358,594,764,586
012170610,2,]ʎs,喃,,,,1146,530,616,526
012170620,2,]ʎs,喃,,,,1873,826,1047,902
012170630,2,]ʎs,喃{,,,,1335,622,713,697
012170640,2,]ʎs,喃,,,,1534,708,826,675
012170650,2,]ʎs,喃,,,,600,297,303,274
012170660,2,]ʎs,喃,,,,1168,507,661,467
012170670,2,]ʎs,喃,,,,1377,686,691,609
012170680,2,]ʎs,喃h,,,,1057,496,561,465
012170690,2,]ʎs,喃V,,,,1269,589,680,499
012170700,2,]ʎs,喃k,,,,1205,527,678,391
012170710,2,]ʎs,喃,,,,1367,658,709,505
012170720,2,]ʎs,ݖ,,,,1712,807,905,538
012170730,2,]ʎs,Ђu,,,,2272,1076,1196,747
012170740,2,]ʎs,,,,,102,35,67,22
012170750,2,]ʎs,,,,,60,27,33,30
012170760,2,]ʎs,O,,,,288,120,168,100
012170770,2,]ʎs,l,,,,271,129,142,132
012170780,2,]ʎs,܏,,,,304,141,163,125
012170790,2,]ʎs,Z,,,,36,19,17,17
012170800,2,]ʎs,,,,,46,23,23,20
012170810,2,]ʎs,,,,,41,15,26,18
012170820,2,]ʎs,Lyԉ,,,,889,408,481,298
012170830,2,]ʎs,Ly璬,,,,1447,656,791,478
012170840,2,]ʎs,Ly݂͂񂮒,,,,237,114,123,83
012170850,2,]ʎs,߂ݖ쓌,,,,2277,1103,1174,671
012170860,2,]ʎs,߂ݖ쒬,,,,1696,825,871,509
012170870,2,]ʎs,G쐼,,,,1099,530,569,342
012170880,2,]ʎs,G쒆,,,,690,334,356,214
012170890,2,]ʎs,G쓌,,,,521,256,265,170
012170900,2,]ʎs,Vh,,,,3748,1717,2031,998
012170910,2,]ʎs,喃Ђ蒬,,,,1956,950,1006,630
012170920,2,]ʎs,喃ؒ,,,,1194,573,621,454
