KEY_CODE,HYOSYO,CITYNAME,NAME,HTKSYORI,HTKSAKI,GASSAN,T000572001,T000572002,T000572003,T000572004
,,,,,,,l,j,,ё
01231,1,bs,,,,,69384,33945,35439,27634
012310010,2,bs,bݖ쐼,,,,3067,1422,1645,1125
01231001001,3,bs,bݖ쐼P,,,,691,303,388,285
01231001002,3,bs,bݖ쐼Q,,,,288,116,172,97
01231001003,3,bs,bݖ쐼R,,,,350,168,182,143
01231001004,3,bs,bݖ쐼S,,,,448,206,242,179
01231001005,3,bs,bݖ쐼T,,,,351,157,194,104
01231001006,3,bs,bݖ쐼U,,,,939,472,467,317
012310020,2,bs,bݖk,,,,3539,1643,1896,1274
01231002001,3,bs,bݖkP,,,,515,239,276,197
01231002002,3,bs,bݖkQ,,,,495,227,268,185
01231002003,3,bs,bݖkR,,,,340,124,216,114
01231002004,3,bs,bݖkS,,,,314,151,163,124
01231002005,3,bs,bݖkT,,,,339,165,174,123
01231002006,3,bs,bݖkU,,,,650,322,328,257
01231002007,3,bs,bݖkV,,,,886,415,471,274
012310030,2,bs,bݖ쓌,,,,3232,1582,1650,1154
01231003001,3,bs,bݖ쓌P,,,,292,133,159,109
01231003002,3,bs,bݖ쓌Q,,,,560,272,288,205
01231003003,3,bs,bݖ쓌R,,,,385,182,203,145
01231003004,3,bs,bݖ쓌S,,,,378,182,196,128
01231003005,3,bs,bݖ쓌T,,,,583,297,286,216
01231003006,3,bs,bݖ쓌U,,,,466,235,231,170
01231003007,3,bs,bݖ쓌V,,,,568,281,287,181
012310040,2,bs,bݖ,,,,2345,1083,1262,905
01231004001,3,bs,bݖP,,,,402,190,212,162
01231004002,3,bs,bݖQ,,,,565,261,304,213
01231004003,3,bs,bݖR,,,,628,300,328,244
01231004004,3,bs,bݖS,,,,750,332,418,286
012310070,2,bs,,,,,3855,1910,1945,1730
01231007001,3,bs,P,,,,661,330,331,268
01231007002,3,bs,Q,,,,581,286,295,203
01231007003,3,bs,R,,,,195,100,95,70
01231007004,3,bs,S,,,,1124,558,566,516
01231007005,3,bs,T,,,,521,283,238,318
01231007006,3,bs,U,,,,773,353,420,355
012310080,2,bs,z,,,,2589,1262,1327,1172
01231008001,3,bs,zP,,,,749,362,387,334
01231008003,3,bs,zR,,,,1193,602,591,513
01231008004,3,bs,zS,,,,647,298,349,325
012310090,2,bs,b,,,,623,271,352,321
012310100,2,bs,L,,,,2283,1101,1182,974
01231010001,3,bs,LP,,,,485,234,251,230
01231010002,3,bs,LQ,,,,522,251,271,210
01231010003,3,bs,LR,,,,285,129,156,121
01231010004,3,bs,LS,,,,318,147,171,123
01231010005,3,bs,LT,,,,265,133,132,115
01231010006,3,bs,LU,,,,408,207,201,175
012310110,2,bs,Z,,,,1709,802,907,709
01231011001,3,bs,ZP,,,,831,398,433,327
01231011002,3,bs,ZQ,,,,365,165,200,162
01231011003,3,bs,ZR,,,,513,239,274,220
012310120,2,bs,L,,,,577,269,308,273
012310130,2,bs,,,,,1801,895,906,940
012310140,2,bs,Β,,,,905,429,476,417
01231014001,3,bs,ΒP,,,,174,96,78,98
01231014002,3,bs,ΒQ,,,,731,333,398,319
012310150,2,bs,hb,,,,169,84,85,95
012310160,2,bs,,,,,115,56,59,59
012310170,2,bs,V,,,,101,63,38,55
012310180,2,bs,,,,,621,331,290,340
012310190,2,bs,,,,,1579,777,802,682
01231019001,3,bs,P,,,,356,200,156,161
01231019002,3,bs,Q,,,,843,375,468,374
01231019003,3,bs,R,,,,379,202,177,146
01231019004,3,bs,S,,,,1,-,1,1
012310200,2,bs,,,,,1041,519,522,523
012310210,2,bs,{,,,,514,257,257,216
012310220,2,bs,咬,,,,830,413,417,349
01231022001,3,bs,咬P,,,,213,102,111,87
01231022002,3,bs,咬Q,,,,163,85,78,81
01231022003,3,bs,咬R,,,,238,121,117,92
01231022004,3,bs,咬S,,,,216,105,111,89
012310230,2,bs,,,,,1804,872,932,673
01231023001,3,bs,P,,,,566,269,297,217
01231023002,3,bs,Q,,,,475,220,255,170
01231023003,3,bs,R,,,,164,87,77,74
01231023004,3,bs,S,,,,599,296,303,212
012310240,2,bs,a,,,,2652,1330,1322,1099
01231024001,3,bs,aP,,,,410,200,210,173
01231024002,3,bs,aQ,,,,578,303,275,209
01231024003,3,bs,aR,,,,478,229,249,192
01231024004,3,bs,aS,,,,477,231,246,204
01231024005,3,bs,aT,,,,709,367,342,321
012310250,2,bs,Zg,,,,1840,879,961,758
01231025001,3,bs,ZgP,,,,247,118,129,104
01231025002,3,bs,ZgQ,,,,656,320,336,268
01231025003,3,bs,ZgR,,,,536,259,277,232
01231025004,3,bs,ZgS,,,,401,182,219,154
012310260,2,bs,꒬,,,,2104,1050,1054,858
01231026001,3,bs,꒬P,,,,629,315,314,284
01231026002,3,bs,꒬Q,,,,372,183,189,140
01231026003,3,bs,꒬R,,,,243,117,126,94
01231026004,3,bs,꒬S,,,,351,178,173,134
01231026005,3,bs,꒬T,,,,214,110,104,94
01231026006,3,bs,꒬U,,,,295,147,148,112
012310270,2,bs,,,,,1443,720,723,531
01231027001,3,bs,P,,,,389,191,198,152
01231027002,3,bs,Q,,,,330,178,152,143
01231027003,3,bs,R,,,,649,311,338,220
01231027004,3,bs,S,,,,75,40,35,16
012310281,2,bs,,,,,2347,1150,1197,735
01231028101,3,bs,P,,,,618,296,322,187
01231028102,3,bs,Q,,,,389,188,201,116
01231028103,3,bs,R,,,,396,203,193,129
01231028104,3,bs,S,,,,314,158,156,93
01231028105,3,bs,T,,,,247,116,131,90
01231028106,3,bs,U,,,,383,189,194,120
012310282,2,bs,q,,,,317,161,156,100
012310290,2,bs,b,,,,718,422,296,229
012310300,2,bs,ՐK,,,,17,9,8,8
012310310,2,bs,X,,,,-,-,-,-
012310320,2,bs,,,,,23,12,11,11
012310330,2,bs,K,,,,1082,519,563,414
01231033001,3,bs,KP,,,,218,110,108,85
01231033002,3,bs,KQ,,,,416,208,208,152
01231033003,3,bs,KR,,,,443,199,244,175
01231033004,3,bs,KS,,,,5,2,3,2
012310340,2,bs,ؒ,,,,2673,1441,1232,997
012310350,2,bs,kؒ,,,,1358,660,698,502
01231035001,3,bs,kؒP,,,,1326,642,684,489
01231035003,3,bs,kؒR,,,,26,14,12,10
01231035004,3,bs,kؒS,,,,3,2,1,1
01231035005,3,bs,kؒT,,,,3,2,1,2
012310360,2,bs,쓇,,,,340,137,203,79
012310370,2,bs,,,,,982,561,421,192
012310380,2,bs,,,,,1388,661,727,481
01231038001,3,bs,P,,,,310,151,159,104
01231038002,3,bs,Q,,,,371,173,198,136
01231038003,3,bs,R,,,,316,152,164,95
01231038004,3,bs,S,,,,391,185,206,146
012310390,2,bs,{,,,,2423,1158,1265,923
01231039001,3,bs,{P,,,,504,233,271,183
01231039002,3,bs,{Q,,,,643,311,332,255
01231039003,3,bs,{R,,,,743,349,394,286
01231039004,3,bs,{S,,,,533,265,268,199
012310400,2,bs,,,,,1307,648,659,527
01231040001,3,bs,P,,,,269,130,139,96
01231040002,3,bs,Q,,,,358,164,194,145
01231040003,3,bs,R,,,,467,249,218,208
01231040004,3,bs,S,,,,213,105,108,78
012310410,2,bs,,,,,1683,786,897,732
01231041001,3,bs,P,,,,643,308,335,289
01231041002,3,bs,Q,,,,1040,478,562,443
012310420,2,bs,,,,,711,339,372,299
01231042001,3,bs,P,,,,308,147,161,119
01231042002,3,bs,Q,,,,239,114,125,109
01231042003,3,bs,R,,,,164,78,86,71
012310430,2,bs,,,,,462,229,233,95
012310440,2,bs,,,,,182,92,90,54
012310450,2,bs,h,,,,101,48,53,42
012310460,2,bs,k,,,,104,57,47,32
012310470,2,bs,ѓc,,,,46,25,21,16
012310480,2,bs,,,,,159,79,80,54
012310490,2,bs,t,,,,148,79,69,52
012310500,2,bs,,,,,177,91,86,60
012310510,2,bs,R,,,,198,92,106,67
012310520,2,bs,ˈ,,,,139,58,81,52
012310530,2,bs,k,,,,2725,1315,1410,1175
01231053001,3,bs,kP,,,,616,313,303,284
01231053002,3,bs,kQ,,,,536,251,285,226
01231053003,3,bs,kR,,,,802,383,419,320
01231053004,3,bs,kS,,,,771,368,403,345
012310540,2,bs,,,,,1948,978,970,982
01231054001,3,bs,P,,,,423,216,207,207
01231054002,3,bs,Q,,,,384,181,203,224
01231054003,3,bs,R,,,,614,304,310,333
01231054004,3,bs,S,,,,519,273,246,216
01231054005,3,bs,T,,,,8,4,4,2
012310550,2,bs,,,,,4288,2118,2170,1492
01231055001,3,bs,P,,,,831,404,427,290
01231055002,3,bs,Q,,,,626,308,318,241
01231055003,3,bs,R,,,,726,353,373,256
01231055004,3,bs,S,,,,828,428,400,263
01231055005,3,bs,T,,,,224,104,120,85
01231055006,3,bs,U,,,,290,148,142,91
01231055007,3,bs,V,,,,763,373,390,266
