KEY_CODE,HYOSYO,CITYNAME,NAME,HTKSYORI,HTKSAKI,GASSAN,T000572001,T000572002,T000572003,T000572004
,,,,,,,l,j,,ё
01210,1,〈s,,,,,90145,42111,48034,36723
012100030,2,〈s,L,,,,-,-,-,-
012100040,2,〈s,L,,,,98,67,31,55
012100051,2,〈s,,,,,445,193,252,198
01210005101,3,〈s,𓌂P,,,,101,36,65,46
01210005102,3,〈s,𓌂Q,,,,43,21,22,16
01210005103,3,〈s,𓌂R,,,,60,29,31,37
01210005104,3,〈s,𓌂S,,,,49,24,25,19
01210005105,3,〈s,𓌂T,,,,43,18,25,18
01210005106,3,〈s,𓌂U,,,,44,19,25,15
01210005107,3,〈s,𓌂V,,,,17,9,8,9
01210005108,3,〈s,𓌂W,,,,59,27,32,24
01210005109,3,〈s,𓌂X,,,,29,10,19,14
012100052,2,〈s,,,,,231,104,127,97
01210005201,3,〈s,𓌂P,,,,64,31,33,25
01210005202,3,〈s,𓌂Q,,,,3,1,2,2
01210005203,3,〈s,𓌂R,,,,25,12,13,11
01210005204,3,〈s,𓌂S,,,,33,11,22,9
01210005205,3,〈s,𓌂T,,,,20,10,10,14
01210005206,3,〈s,𓌂U,,,,33,14,19,13
01210005207,3,〈s,𓌂V,,,,28,14,14,11
01210005208,3,〈s,𓌂W,,,,18,8,10,9
01210005209,3,〈s,𓌂X,,,,7,3,4,3
012100053,2,〈s,O,,,,101,50,51,33
01210005304,3,〈s,O𓌂S,,,,62,32,30,24
01210005305,3,〈s,O𓌂T,,,,39,18,21,9
012100061,2,〈s,,,,,17,6,11,12
01210006101,3,〈s,𐼂P,,,,15,5,10,11
01210006102,3,〈s,𐼂Q,,,,2,1,1,1
01210006103,3,〈s,𐼂R,,,,-,-,-,-
012100062,2,〈s,,,,,48,24,24,23
01210006201,3,〈s,𐼂P,,,,34,16,18,17
01210006202,3,〈s,𐼂Q,,,,14,8,6,6
01210006203,3,〈s,𐼂R,,,,-,-,-,-
012100070,2,〈s,k{,,,,1192,568,624,482
01210007001,3,〈s,k{P,,,,161,74,87,79
01210007002,3,〈s,k{Q,,,,160,75,85,68
01210007003,3,〈s,k{R,,,,88,39,49,40
01210007004,3,〈s,k{S,,,,132,60,72,51
01210007005,3,〈s,k{T,,,,45,24,21,17
01210007006,3,〈s,k{U,,,,129,63,66,42
01210007007,3,〈s,k{V,,,,147,66,81,60
01210007008,3,〈s,k{W,,,,128,64,64,51
01210007009,3,〈s,k{X,,,,105,55,50,42
01210007010,3,〈s,k{PO,,,,97,48,49,32
012100080,2,〈s,k{,,,,100,45,55,50
01210008001,3,〈s,k{P,,,,92,41,51,47
01210008002,3,〈s,k{Q,,,,8,4,4,3
01210008003,3,〈s,k{R,,,,-,-,-,-
012100091,2,〈s,k,,,,466,219,247,171
01210009111,3,〈s,k𐼂PP,,,,-,-,-,-
01210009113,3,〈s,k𐼂PR,,,,83,36,47,32
01210009114,3,〈s,k𐼂PS,,,,167,81,86,57
01210009115,3,〈s,k𐼂PT,,,,22,10,12,11
01210009116,3,〈s,k𐼂PU,,,,116,57,59,37
01210009117,3,〈s,k𐼂PV,,,,32,16,16,13
01210009118,3,〈s,k𐼂PW,,,,15,5,10,7
01210009119,3,〈s,k𐼂PX,,,,13,7,6,6
01210009120,3,〈s,k𐼂QO,,,,18,7,11,8
012100092,2,〈s,k,,,,977,430,547,401
01210009203,3,〈s,k𐼂R,,,,11,3,8,6
01210009204,3,〈s,k𐼂S,,,,55,25,30,23
01210009205,3,〈s,k𐼂T,,,,23,8,15,11
01210009206,3,〈s,k𐼂U,,,,60,30,30,17
01210009207,3,〈s,k𐼂V,,,,55,25,30,26
01210009208,3,〈s,k𐼂W,,,,19,9,10,11
01210009209,3,〈s,k𐼂X,,,,55,30,25,26
01210009210,3,〈s,k𐼂PO,,,,33,11,22,19
01210009211,3,〈s,k𐼂PP,,,,67,30,37,28
01210009212,3,〈s,k𐼂PQ,,,,145,50,95,41
01210009213,3,〈s,k𐼂PR,,,,77,30,47,27
01210009214,3,〈s,k𐼂PS,,,,50,25,25,21
01210009215,3,〈s,k𐼂PT,,,,7,4,3,3
01210009216,3,〈s,k𐼂PU,,,,18,9,9,9
01210009217,3,〈s,k𐼂PV,,,,67,31,36,29
01210009218,3,〈s,k𐼂PW,,,,74,38,36,35
01210009219,3,〈s,k𐼂PX,,,,76,32,44,29
01210009220,3,〈s,k𐼂QO,,,,85,40,45,40
012100093,2,〈s,kO,,,,1152,531,621,474
01210009304,3,〈s,kO𐼂S,,,,90,39,51,31
01210009305,3,〈s,kO𐼂T,,,,81,37,44,34
01210009306,3,〈s,kO𐼂U,,,,69,31,38,31
01210009307,3,〈s,kO𐼂V,,,,98,52,46,45
01210009308,3,〈s,kO𐼂W,,,,101,49,52,45
01210009309,3,〈s,kO𐼂X,,,,10,6,4,5
01210009310,3,〈s,kO𐼂PO,,,,18,9,9,7
01210009311,3,〈s,kO𐼂PP,,,,78,32,46,33
01210009312,3,〈s,kO𐼂PQ,,,,55,28,27,24
01210009313,3,〈s,kO𐼂PR,,,,69,32,37,24
01210009314,3,〈s,kO𐼂PS,,,,52,22,30,23
01210009315,3,〈s,kO𐼂PT,,,,25,12,13,12
01210009316,3,〈s,kO𐼂PU,,,,92,41,51,32
01210009317,3,〈s,kO𐼂PV,,,,72,30,42,23
01210009318,3,〈s,kO𐼂PW,,,,80,40,40,34
01210009319,3,〈s,kO𐼂PX,,,,103,48,55,46
01210009320,3,〈s,kO𐼂QO,,,,59,23,36,25
012100094,2,〈s,kl,,,,1244,580,664,518
01210009404,3,〈s,kl𐼂S,,,,39,23,16,13
01210009405,3,〈s,kl𐼂T,,,,29,16,13,13
01210009406,3,〈s,kl𐼂U,,,,28,12,16,11
01210009407,3,〈s,kl𐼂V,,,,48,24,24,20
01210009408,3,〈s,kl𐼂W,,,,94,43,51,39
01210009409,3,〈s,kl𐼂X,,,,77,32,45,34
01210009410,3,〈s,kl𐼂PO,,,,73,29,44,31
01210009411,3,〈s,kl𐼂PP,,,,77,32,45,32
01210009412,3,〈s,kl𐼂PQ,,,,58,29,29,28
01210009413,3,〈s,kl𐼂PR,,,,68,35,33,32
01210009414,3,〈s,kl𐼂PS,,,,118,55,63,45
01210009415,3,〈s,kl𐼂PT,,,,100,47,53,43
01210009416,3,〈s,kl𐼂PU,,,,104,51,53,44
01210009417,3,〈s,kl𐼂PV,,,,86,38,48,37
01210009418,3,〈s,kl𐼂PW,,,,78,39,39,29
01210009419,3,〈s,kl𐼂PX,,,,107,50,57,40
01210009420,3,〈s,kl𐼂QO,,,,60,25,35,27
012100095,2,〈s,k܏,,,,1350,624,726,552
01210009507,3,〈s,k܏𐼂V,,,,33,16,17,11
01210009508,3,〈s,k܏𐼂W,,,,118,55,63,43
01210009509,3,〈s,k܏𐼂X,,,,66,30,36,29
01210009510,3,〈s,k܏𐼂PO,,,,82,43,39,29
01210009511,3,〈s,k܏𐼂PP,,,,193,94,99,77
01210009512,3,〈s,k܏𐼂PQ,,,,93,43,50,40
01210009513,3,〈s,k܏𐼂PR,,,,94,41,53,47
01210009514,3,〈s,k܏𐼂PS,,,,98,51,47,39
01210009515,3,〈s,k܏𐼂PT,,,,101,47,54,40
01210009516,3,〈s,k܏𐼂PU,,,,100,43,57,37
01210009517,3,〈s,k܏𐼂PV,,,,109,46,63,43
01210009518,3,〈s,k܏𐼂PW,,,,95,44,51,38
01210009519,3,〈s,k܏𐼂PX,,,,120,53,67,53
01210009520,3,〈s,k܏𐼂QO,,,,48,18,30,26
012100101,2,〈s,kZ,,,,626,313,313,196
01210010116,3,〈s,kZ𐼂PU,,,,81,45,36,27
01210010117,3,〈s,kZ𐼂PV,,,,145,69,76,45
01210010118,3,〈s,kZ𐼂PW,,,,130,70,60,43
01210010119,3,〈s,kZ𐼂PX,,,,204,99,105,61
01210010120,3,〈s,kZ𐼂QO,,,,66,30,36,20
012100102,2,〈s,ᏼ,,,,91,45,46,33
012100110,2,〈s,a,,,,8,4,4,3
012100121,2,〈s,a,,,,1154,567,587,449
01210012101,3,〈s,aP,,,,31,17,14,12
01210012102,3,〈s,aQ,,,,152,75,77,82
01210012103,3,〈s,aR,,,,149,76,73,70
01210012104,3,〈s,aS,,,,100,44,56,42
01210012105,3,〈s,aT,,,,150,73,77,69
01210012106,3,〈s,aU,,,,164,79,85,63
01210012107,3,〈s,aV,,,,259,125,134,105
01210012108,3,〈s,aW,,,,146,76,70,5
01210012109,3,〈s,aX,,,,3,2,1,1
012100122,2,〈s,a,,,,725,346,379,340
01210012202,3,〈s,aQ,,,,111,49,62,55
01210012203,3,〈s,aR,,,,97,44,53,44
01210012204,3,〈s,aS,,,,87,43,44,40
01210012205,3,〈s,aT,,,,132,67,65,64
01210012206,3,〈s,aU,,,,110,48,62,48
01210012207,3,〈s,aV,,,,168,85,83,78
01210012208,3,〈s,aW,,,,3,1,2,2
01210012209,3,〈s,aX,,,,17,9,8,9
012100123,2,〈s,aO,,,,409,202,207,193
01210012303,3,〈s,aOR,,,,72,34,38,34
01210012304,3,〈s,aOS,,,,84,41,43,35
01210012305,3,〈s,aOT,,,,114,59,55,56
01210012306,3,〈s,aOU,,,,47,26,21,29
01210012307,3,〈s,aOV,,,,43,20,23,18
01210012308,3,〈s,aOW,,,,-,-,-,-
01210012309,3,〈s,aOX,,,,49,22,27,21
012100124,2,〈s,al,,,,66,32,34,28
01210012404,3,〈s,alS,,,,8,5,3,2
01210012405,3,〈s,alT,,,,-,-,-,-
01210012406,3,〈s,alU,,,,3,1,2,1
01210012407,3,〈s,alV,,,,50,23,27,23
01210012408,3,〈s,alW,,,,5,3,2,2
012100130,2,〈s,쒬,,,,19,8,11,7
012100141,2,〈s,쒬,,,,39,22,17,18
01210014101,3,〈s,쒬P,,,,34,20,14,16
01210014102,3,〈s,쒬Q,,,,5,2,3,2
012100142,2,〈s,쒬,,,,324,161,163,135
01210014201,3,〈s,쒬P,,,,165,78,87,62
01210014202,3,〈s,쒬Q,,,,159,83,76,73
012100143,2,〈s,쒬O,,,,165,74,91,75
01210014301,3,〈s,쒬OP,,,,50,24,26,25
01210014302,3,〈s,쒬OQ,,,,115,50,65,50
012100144,2,〈s,쒬l,,,,135,72,63,61
01210014401,3,〈s,쒬lP,,,,62,32,30,31
01210014402,3,〈s,쒬lQ,,,,73,40,33,30
012100145,2,〈s,쒬܏,,,,548,249,299,216
01210014501,3,〈s,쒬܏P,,,,318,147,171,128
01210014502,3,〈s,쒬܏Q,,,,230,102,128,88
012100146,2,〈s,쒬Z,,,,523,245,278,221
01210014601,3,〈s,쒬ZP,,,,281,129,152,112
01210014602,3,〈s,쒬ZQ,,,,242,116,126,109
012100147,2,〈s,쒬,,,,1195,574,621,480
01210014701,3,〈s,쒬P,,,,139,69,70,53
01210014702,3,〈s,쒬Q,,,,276,132,144,122
01210014703,3,〈s,쒬R,,,,311,141,170,116
01210014704,3,〈s,쒬S,,,,305,151,154,115
01210014705,3,〈s,쒬T,,,,164,81,83,74
012100148,2,〈s,쒬,,,,1095,538,557,473
01210014801,3,〈s,쒬P,,,,71,33,38,26
01210014802,3,〈s,쒬Q,,,,122,59,63,44
01210014803,3,〈s,쒬R,,,,316,153,163,119
01210014804,3,〈s,쒬S,,,,250,123,127,110
01210014805,3,〈s,쒬T,,,,336,170,166,174
012100149,2,〈s,쒬,,,,620,310,310,294
01210014901,3,〈s,쒬P,,,,4,2,2,2
01210014902,3,〈s,쒬Q,,,,187,102,85,119
01210014903,3,〈s,쒬R,,,,19,13,6,10
01210014904,3,〈s,쒬S,,,,133,62,71,52
01210014905,3,〈s,쒬T,,,,277,131,146,111
012100150,2,〈s,,,,,1008,475,533,446
01210015001,3,〈s,P,,,,33,15,18,14
01210015002,3,〈s,Q,,,,137,70,67,59
01210015003,3,〈s,R,,,,75,38,37,27
01210015004,3,〈s,S,,,,61,25,36,32
01210015005,3,〈s,T,,,,69,36,33,28
01210015006,3,〈s,U,,,,98,47,51,46
01210015007,3,〈s,V,,,,336,156,180,142
01210015008,3,〈s,W,,,,199,88,111,98
01210015009,3,〈s,X,,,,-,-,-,-
012100161,2,〈s,,,,,772,362,410,377
01210016101,3,〈s,P,,,,119,53,66,76
01210016102,3,〈s,Q,,,,103,52,51,57
01210016103,3,〈s,R,,,,61,24,37,26
01210016104,3,〈s,S,,,,98,49,49,39
01210016105,3,〈s,T,,,,122,52,70,45
01210016106,3,〈s,U,,,,102,53,49,45
01210016107,3,〈s,V,,,,143,67,76,78
01210016108,3,〈s,W,,,,24,12,12,11
012100162,2,〈s,,,,,667,289,378,308
01210016201,3,〈s,P,,,,44,20,24,28
01210016202,3,〈s,Q,,,,146,74,72,63
01210016203,3,〈s,R,,,,137,49,88,63
01210016204,3,〈s,S,,,,77,28,49,32
01210016205,3,〈s,T,,,,45,17,28,26
01210016206,3,〈s,U,,,,46,23,23,21
01210016207,3,〈s,V,,,,106,46,60,47
01210016208,3,〈s,W,,,,66,32,34,28
012100163,2,〈s,O,,,,601,274,327,311
01210016301,3,〈s,OP,,,,87,34,53,61
01210016302,3,〈s,OQ,,,,79,35,44,50
01210016303,3,〈s,OR,,,,61,28,33,29
01210016304,3,〈s,OS,,,,68,37,31,37
01210016305,3,〈s,OT,,,,38,18,20,16
01210016306,3,〈s,OU,,,,52,23,29,23
01210016307,3,〈s,OV,,,,103,48,55,48
01210016308,3,〈s,OW,,,,113,51,62,47
012100164,2,〈s,l,,,,642,284,358,303
01210016401,3,〈s,lP,,,,26,12,14,14
01210016402,3,〈s,lQ,,,,58,23,35,24
01210016403,3,〈s,lR,,,,56,25,31,25
01210016404,3,〈s,lS,,,,75,31,44,44
01210016405,3,〈s,lT,,,,49,21,28,24
01210016406,3,〈s,lU,,,,72,32,40,37
01210016407,3,〈s,lV,,,,130,59,71,63
01210016408,3,〈s,lW,,,,176,81,95,72
012100165,2,〈s,܏,,,,920,442,478,382
01210016502,3,〈s,܏Q,,,,10,3,7,3
01210016503,3,〈s,܏R,,,,70,34,36,30
01210016504,3,〈s,܏S,,,,41,20,21,20
01210016505,3,〈s,܏T,,,,37,19,18,16
01210016506,3,〈s,܏U,,,,135,59,76,59
01210016507,3,〈s,܏V,,,,266,127,139,109
01210016508,3,〈s,܏W,,,,361,180,181,145
012100166,2,〈s,Z,,,,348,167,181,154
01210016606,3,〈s,ZU,,,,73,29,44,25
01210016607,3,〈s,ZV,,,,106,51,55,57
01210016608,3,〈s,ZW,,,,169,87,82,72
012100167,2,〈s,,,,,109,48,61,57
012100170,2,〈s,ؒ,,,,165,104,61,43
012100190,2,〈s,΂u,,,,2335,1111,1224,982
01210019000,3,〈s,΂u,,,,8,4,4,5
01210019001,3,〈s,΂uP,,,,458,204,254,217
01210019002,3,〈s,΂uQ,,,,515,241,274,191
01210019003,3,〈s,΂uR,,,,298,141,157,134
01210019004,3,〈s,΂uS,,,,308,136,172,155
01210019005,3,〈s,΂uT,,,,342,198,144,113
01210019006,3,〈s,΂uU,,,,406,187,219,167
012100200,2,〈s,t,,,,1825,828,997,804
01210020001,3,〈s,tP,,,,417,189,228,206
01210020002,3,〈s,tQ,,,,422,195,227,175
01210020003,3,〈s,tR,,,,533,240,293,238
01210020004,3,〈s,tS,,,,453,204,249,185
012100210,2,〈s,u,,,,1288,595,693,532
01210021001,3,〈s,uP,,,,149,68,81,65
01210021002,3,〈s,uQ,,,,481,226,255,210
01210021003,3,〈s,uR,,,,365,180,185,157
01210021004,3,〈s,uS,,,,293,121,172,100
012100220,2,〈s,R,,,,1985,924,1061,769
012100230,2,〈s,̏ok,,,,1450,692,758,640
01210023001,3,〈s,̏okP,,,,481,246,235,215
01210023002,3,〈s,̏okQ,,,,219,99,120,95
01210023003,3,〈s,̏okR,,,,337,164,173,163
01210023004,3,〈s,̏okS,,,,413,183,230,167
012100240,2,〈s,̏o,,,,1157,533,624,475
01210024001,3,〈s,̏oP,,,,224,93,131,98
01210024002,3,〈s,̏oQ,,,,315,140,175,140
01210024003,3,〈s,̏oR,,,,318,166,152,109
01210024004,3,〈s,̏oS,,,,300,134,166,128
012100251,2,〈s,Œ,,,,1471,679,792,587
01210025101,3,〈s,ŒP,,,,-,-,-,-
01210025102,3,〈s,ŒQ,,,,-,-,-,-
01210025103,3,〈s,ŒR,,,,388,179,209,139
01210025104,3,〈s,ŒS,,,,278,109,169,138
01210025105,3,〈s,ŒT,,,,148,64,84,50
01210025106,3,〈s,ŒU,,,,344,149,195,159
01210025107,3,〈s,ŒV,,,,224,94,130,97
01210025108,3,〈s,ŒW,,,,89,84,5,4
012100252,2,〈s,,,,,571,266,305,218
01210025201,3,〈s,P,,,,134,64,70,52
01210025202,3,〈s,Q,,,,204,93,111,87
01210025203,3,〈s,R,,,,233,109,124,79
012100253,2,〈s,̏o,,,,854,445,409,274
012100260,2,〈s,̏o,,,,2343,1169,1174,995
01210026001,3,〈s,̏oP,,,,258,123,135,117
01210026002,3,〈s,̏oQ,,,,244,120,124,105
01210026003,3,〈s,̏oR,,,,159,76,83,75
01210026004,3,〈s,̏oS,,,,267,211,56,58
01210026005,3,〈s,̏oT,,,,128,74,54,62
01210026006,3,〈s,̏oU,,,,235,75,160,151
01210026007,3,〈s,̏oV,,,,280,124,156,108
01210026008,3,〈s,̏oW,,,,351,160,191,150
01210026009,3,〈s,̏oX,,,,283,141,142,113
01210026010,3,〈s,̏oPO,,,,138,65,73,56
012100270,2,〈s,h,,,,2022,952,1070,771
01210027001,3,〈s,hP,,,,531,248,283,216
01210027002,3,〈s,hQ,,,,234,107,127,89
01210027003,3,〈s,hR,,,,441,215,226,164
01210027004,3,〈s,hS,,,,234,112,122,73
01210027005,3,〈s,hT,,,,309,145,164,124
01210027006,3,〈s,hU,,,,180,81,99,67
01210027007,3,〈s,hV,,,,92,43,49,37
01210027008,3,〈s,hW,,,,1,1,-,1
012100280,2,〈s,؈,,,,771,361,410,292
01210028001,3,〈s,؈P,,,,32,18,14,19
01210028002,3,〈s,؈Q,,,,119,60,59,51
01210028003,3,〈s,؈R,,,,10,5,5,3
01210028004,3,〈s,؈S,,,,140,65,75,42
01210028005,3,〈s,؈T,,,,178,82,96,72
01210028006,3,〈s,؈U,,,,173,79,94,59
01210028007,3,〈s,؈V,,,,119,52,67,46
012100290,2,〈s,Β,,,,1325,632,693,522
01210029001,3,〈s,ΒP,,,,293,142,151,127
01210029002,3,〈s,ΒQ,,,,146,64,82,55
01210029003,3,〈s,ΒR,,,,156,79,77,54
01210029004,3,〈s,ΒS,,,,157,69,88,60
01210029005,3,〈s,ΒT,,,,265,132,133,108
01210029006,3,〈s,ΒU,,,,68,35,33,24
01210029007,3,〈s,ΒV,,,,240,111,129,94
012100300,2,〈s,,,,,205,98,107,76
012100311,2,〈s,,,,,2114,963,1151,838
01210031101,3,〈s,P,,,,118,58,60,46
01210031102,3,〈s,Q,,,,-,-,-,-
01210031103,3,〈s,R,,,,-,-,-,-
01210031104,3,〈s,S,,,,-,-,-,-
01210031105,3,〈s,T,,,,39,15,24,16
01210031106,3,〈s,U,,,,388,173,215,161
01210031107,3,〈s,V,,,,406,196,210,155
01210031108,3,〈s,W,,,,1163,521,642,460
012100312,2,〈s,,,,,682,328,354,240
01210031201,3,〈s,P,,,,14,6,8,4
01210031202,3,〈s,Q,,,,6,3,3,3
01210031203,3,〈s,R,,,,-,-,-,-
01210031204,3,〈s,S,,,,-,-,-,-
01210031205,3,〈s,T,,,,-,-,-,-
01210031206,3,〈s,U,,,,-,-,-,-
01210031207,3,〈s,V,,,,109,55,54,43
01210031208,3,〈s,W,,,,553,264,289,190
012100320,2,〈s,R,,,,130,63,67,46
012100330,2,〈s,􉄒,,,,197,100,97,56
012100340,2,〈s,蒬,,,,252,113,139,70
012100350,2,〈s,,,,,655,323,332,216
012100360,2,〈s,쒬,,,,1048,495,553,387
012100370,2,〈s,y,,,,660,314,346,227
012100381,2,〈s,y,,,,686,318,368,280
01210038101,3,〈s,yP,,,,26,10,16,9
01210038102,3,〈s,yQ,,,,94,49,45,35
01210038103,3,〈s,yR,,,,255,119,136,108
01210038104,3,〈s,yS,,,,197,90,107,82
01210038105,3,〈s,yT,,,,92,41,51,37
01210038106,3,〈s,yU,,,,22,9,13,9
012100382,2,〈s,y,,,,134,60,74,52
01210038205,3,〈s,yT,,,,91,41,50,34
01210038206,3,〈s,yU,,,,43,19,24,18
012100383,2,〈s,yO,,,,81,41,40,33
01210038306,3,〈s,yOU,,,,39,18,21,15
01210038307,3,〈s,yOV,,,,42,23,19,18
012100390,2,〈s,yk,,,,1790,805,985,706
01210039001,3,〈s,ykP,,,,302,133,169,117
01210039002,3,〈s,ykQ,,,,318,147,171,132
01210039003,3,〈s,ykR,,,,482,208,274,198
01210039004,3,〈s,ykS,,,,162,70,92,54
01210039005,3,〈s,ykT,,,,278,133,145,109
01210039006,3,〈s,ykU,,,,248,114,134,96
012100400,2,〈s,y,,,,96,38,58,37
012100411,2,〈s,y,,,,346,162,184,131
01210041101,3,〈s,yP,,,,189,87,102,67
01210041102,3,〈s,yQ,,,,24,9,15,12
01210041103,3,〈s,yR,,,,37,18,19,17
01210041104,3,〈s,yS,,,,71,35,36,26
01210041105,3,〈s,yT,,,,25,13,12,9
012100412,2,〈s,y,,,,1306,598,708,516
01210041201,3,〈s,yP,,,,194,95,99,76
01210041202,3,〈s,yQ,,,,412,188,224,152
01210041203,3,〈s,yR,,,,191,87,104,78
01210041204,3,〈s,yS,,,,180,82,98,73
01210041205,3,〈s,yT,,,,329,146,183,137
012100413,2,〈s,yO,,,,1503,701,802,587
01210041301,3,〈s,yOP,,,,422,196,226,147
01210041302,3,〈s,yOQ,,,,399,190,209,170
01210041303,3,〈s,yOR,,,,385,171,214,145
01210041304,3,〈s,yOS,,,,292,142,150,124
01210041305,3,〈s,yOT,,,,5,2,3,1
012100414,2,〈s,yl,,,,863,404,459,359
01210041401,3,〈s,ylP,,,,421,196,225,174
01210041402,3,〈s,ylQ,,,,426,199,227,181
01210041403,3,〈s,ylR,,,,10,6,4,2
01210041404,3,〈s,ylS,,,,6,3,3,2
012100415,2,〈s,y܏,,,,192,101,91,68
012100421,2,〈s,yk,,,,1475,700,775,549
01210042101,3,〈s,ykP,,,,145,68,77,57
01210042102,3,〈s,ykQ,,,,106,51,55,42
01210042103,3,〈s,ykR,,,,361,163,198,146
01210042104,3,〈s,ykS,,,,268,129,139,100
01210042105,3,〈s,ykT,,,,390,189,201,135
01210042106,3,〈s,ykU,,,,205,100,105,69
012100422,2,〈s,yk,,,,1510,715,795,511
01210042201,3,〈s,ykP,,,,457,207,250,133
01210042202,3,〈s,ykQ,,,,255,122,133,89
01210042203,3,〈s,ykR,,,,271,128,143,116
01210042204,3,〈s,ykS,,,,-,-,-,-
01210042205,3,〈s,ykT,,,,340,159,181,114
01210042206,3,〈s,ykU,,,,187,99,88,59
012100430,2,〈s,y,,,,194,94,100,70
012100440,2,〈s,䒃̐,,,,227,116,111,78
012100450,2,〈s,ot,,,,59,30,29,16
012100460,2,〈s,q,,,,133,64,69,49
012100470,2,〈s,u,,,,143,74,69,45
012100482,2,〈s,u,,,,2509,1174,1335,796
012100483,2,〈s,ӂP,,,,879,414,465,332
01210048301,3,〈s,ӂPP,,,,127,55,72,50
01210048302,3,〈s,ӂPQ,,,,88,48,40,41
01210048303,3,〈s,ӂPR,,,,131,60,71,51
01210048304,3,〈s,ӂPS,,,,84,43,41,34
01210048305,3,〈s,ӂPT,,,,156,67,89,62
01210048306,3,〈s,ӂPU,,,,159,75,84,52
01210048307,3,〈s,ӂPV,,,,134,66,68,42
012100484,2,〈s,ӂQ,,,,555,266,289,200
01210048401,3,〈s,ӂQP,,,,69,36,33,30
01210048402,3,〈s,ӂQQ,,,,58,27,31,25
01210048403,3,〈s,ӂQR,,,,86,38,48,28
01210048404,3,〈s,ӂQS,,,,20,11,9,6
01210048405,3,〈s,ӂQT,,,,12,5,7,4
01210048406,3,〈s,ӂQU,,,,170,81,89,60
01210048407,3,〈s,ӂQV,,,,140,68,72,47
012100491,2,〈s,u{,,,,127,54,73,88
01210049101,3,〈s,u{P,,,,21,9,12,11
01210049102,3,〈s,u{Q,,,,8,4,4,5
01210049103,3,〈s,u{R,,,,9,5,4,4
01210049104,3,〈s,u{S,,,,6,3,3,2
01210049105,3,〈s,u{T,,,,-,-,-,-
01210049106,3,〈s,u{U,,,,83,33,50,66
012100492,2,〈s,u{,,,,280,119,161,121
01210049201,3,〈s,u{P,,,,46,16,30,22
01210049202,3,〈s,u{Q,,,,27,14,13,11
01210049203,3,〈s,u{R,,,,20,8,12,9
01210049204,3,〈s,u{S,,,,28,13,15,12
01210049205,3,〈s,u{T,,,,82,38,44,34
01210049206,3,〈s,u{U,,,,77,30,47,33
012100493,2,〈s,u{O,,,,219,103,116,84
01210049301,3,〈s,u{OP,,,,40,19,21,15
01210049302,3,〈s,u{OQ,,,,27,12,15,10
01210049303,3,〈s,u{OR,,,,30,11,19,13
01210049304,3,〈s,u{OS,,,,18,9,9,6
01210049305,3,〈s,u{OT,,,,52,27,25,19
01210049306,3,〈s,u{OU,,,,52,25,27,21
012100494,2,〈s,u{l,,,,141,58,83,57
01210049401,3,〈s,u{lP,,,,5,2,3,2
01210049402,3,〈s,u{lQ,,,,56,24,32,19
01210049403,3,〈s,u{lR,,,,12,6,6,6
01210049404,3,〈s,u{lS,,,,23,9,14,14
01210049405,3,〈s,u{lT,,,,45,17,28,16
012100495,2,〈s,u{܏,,,,147,66,81,51
01210049501,3,〈s,u{܏P,,,,21,10,11,7
01210049502,3,〈s,u{܏Q,,,,33,14,19,13
01210049503,3,〈s,u{܏R,,,,1,1,-,1
01210049504,3,〈s,u{܏S,,,,72,31,41,24
01210049505,3,〈s,u{܏T,,,,20,10,10,6
012100500,2,〈s,u,,,,398,197,201,150
012100510,2,〈s,󐅒,,,,36,16,20,14
012100520,2,〈s,,,,,237,112,125,115
012100530,2,〈s,,,,,7,4,3,3
012100540,2,〈s,ޗǒ,,,,35,18,17,24
012100550,2,〈s,їz,,,,78,39,39,30
012100560,2,〈s,,,,,-,-,-,-
012100570,2,〈s,,,,,367,163,204,179
01210057001,3,〈s,𐼂P,,,,21,9,12,7
01210057002,3,〈s,𐼂Q,,,,30,13,17,18
01210057003,3,〈s,𐼂R,,,,20,11,9,9
01210057004,3,〈s,𐼂S,,,,26,11,15,15
01210057005,3,〈s,𐼂T,,,,10,4,6,4
01210057006,3,〈s,𐼂U,,,,10,5,5,5
01210057007,3,〈s,𐼂V,,,,9,3,6,6
01210057008,3,〈s,𐼂W,,,,39,16,23,18
01210057009,3,〈s,𐼂X,,,,12,5,7,4
01210057010,3,〈s,𐼂PO,,,,29,15,14,12
01210057011,3,〈s,𐼂PP,,,,102,45,57,52
01210057012,3,〈s,𐼂PQ,,,,47,21,26,25
01210057013,3,〈s,𐼂PR,,,,-,-,-,-
01210057014,3,〈s,𐼂PS,,,,12,5,7,4
012100580,2,〈s,,,,,529,226,303,273
01210058001,3,〈s,𐼂P,,,,39,21,18,26
01210058002,3,〈s,𐼂Q,,,,31,12,19,16
01210058003,3,〈s,𐼂R,,,,63,26,37,51
01210058004,3,〈s,𐼂S,,,,31,6,25,9
01210058005,3,〈s,𐼂T,,,,51,19,32,6
01210058006,3,〈s,𐼂U,,,,9,3,6,6
01210058007,3,〈s,𐼂V,,,,18,4,14,4
01210058008,3,〈s,𐼂W,,,,19,9,10,8
01210058009,3,〈s,𐼂X,,,,56,30,26,31
01210058010,3,〈s,𐼂PO,,,,17,7,10,9
01210058011,3,〈s,𐼂PP,,,,43,20,23,29
01210058012,3,〈s,𐼂PQ,,,,38,15,23,17
01210058013,3,〈s,𐼂PR,,,,50,24,26,30
01210058014,3,〈s,𐼂PS,,,,24,10,14,12
01210058015,3,〈s,𐼂PT,,,,40,20,20,19
01210058016,3,〈s,𐼂PU,,,,-,-,-,-
012100590,2,〈s,O,,,,923,403,520,399
01210059001,3,〈s,O𐼂P,,,,20,10,10,9
01210059002,3,〈s,O𐼂Q,,,,97,43,54,55
01210059003,3,〈s,O𐼂R,,,,3,2,1,2
01210059004,3,〈s,O𐼂S,,,,10,4,6,7
01210059005,3,〈s,O𐼂T,,,,156,76,80,11
01210059006,3,〈s,O𐼂U,,,,24,10,14,11
01210059007,3,〈s,O𐼂V,,,,6,3,3,4
01210059008,3,〈s,O𐼂W,,,,29,13,16,15
01210059009,3,〈s,O𐼂X,,,,105,40,65,65
01210059010,3,〈s,O𐼂PO,,,,12,4,8,5
01210059011,3,〈s,O𐼂PP,,,,85,41,44,45
01210059012,3,〈s,O𐼂PQ,,,,46,22,24,17
01210059013,3,〈s,O𐼂PR,,,,86,39,47,47
01210059014,3,〈s,O𐼂PS,,,,45,19,26,17
01210059015,3,〈s,O𐼂PT,,,,49,18,31,20
01210059016,3,〈s,O𐼂PU,,,,150,59,91,69
01210059017,3,〈s,O𐼂PV,,,,-,-,-,-
01210059018,3,〈s,O𐼂PW,,,,-,-,-,-
012100600,2,〈s,l,,,,632,300,332,337
01210060001,3,〈s,l𐼂P,,,,16,6,10,12
01210060002,3,〈s,l𐼂Q,,,,14,8,6,9
01210060003,3,〈s,l𐼂R,,,,8,5,3,4
01210060004,3,〈s,l𐼂S,,,,37,19,18,22
01210060005,3,〈s,l𐼂T,,,,9,3,6,6
01210060006,3,〈s,l𐼂U,,,,2,1,1,1
01210060007,3,〈s,l𐼂V,,,,22,9,13,13
01210060008,3,〈s,l𐼂W,,,,38,19,19,24
01210060009,3,〈s,l𐼂X,,,,67,25,42,24
01210060010,3,〈s,l𐼂PO,,,,44,15,29,17
01210060011,3,〈s,l𐼂PP,,,,86,49,37,60
01210060012,3,〈s,l𐼂PQ,,,,41,21,20,24
01210060013,3,〈s,l𐼂PR,,,,49,21,28,20
01210060014,3,〈s,l𐼂PS,,,,96,47,49,45
01210060015,3,〈s,l𐼂PT,,,,37,15,22,14
01210060016,3,〈s,l𐼂PU,,,,4,2,2,1
01210060017,3,〈s,l𐼂PV,,,,43,25,18,24
01210060018,3,〈s,l𐼂PW,,,,19,10,9,17
012100610,2,〈s,܏,,,,686,316,370,359
01210061001,3,〈s,܏𐼂P,,,,51,23,28,33
01210061002,3,〈s,܏𐼂Q,,,,19,8,11,11
01210061003,3,〈s,܏𐼂R,,,,67,26,41,47
01210061004,3,〈s,܏𐼂S,,,,10,4,6,3
01210061005,3,〈s,܏𐼂T,,,,13,5,8,7
01210061006,3,〈s,܏𐼂U,,,,1,1,-,1
01210061007,3,〈s,܏𐼂V,,,,13,7,6,6
01210061008,3,〈s,܏𐼂W,,,,56,25,31,36
01210061009,3,〈s,܏𐼂X,,,,37,15,22,18
01210061010,3,〈s,܏𐼂PO,,,,57,29,28,30
01210061011,3,〈s,܏𐼂PP,,,,55,29,26,19
01210061012,3,〈s,܏𐼂PQ,,,,21,9,12,8
01210061013,3,〈s,܏𐼂PR,,,,60,26,34,31
01210061014,3,〈s,܏𐼂PS,,,,40,18,22,18
01210061015,3,〈s,܏𐼂PT,,,,26,12,14,14
01210061016,3,〈s,܏𐼂PU,,,,53,25,28,21
01210061017,3,〈s,܏𐼂PV,,,,38,19,19,22
01210061018,3,〈s,܏𐼂PW,,,,33,17,16,22
01210061019,3,〈s,܏𐼂PX,,,,36,18,18,12
012100620,2,〈s,Z,,,,1093,500,593,533
01210062001,3,〈s,Z𐼂P,,,,64,27,37,35
01210062002,3,〈s,Z𐼂Q,,,,12,5,7,4
01210062003,3,〈s,Z𐼂R,,,,106,44,62,70
01210062004,3,〈s,Z𐼂S,,,,118,61,57,76
01210062005,3,〈s,Z𐼂T,,,,27,13,14,12
01210062006,3,〈s,Z𐼂U,,,,56,18,38,30
01210062007,3,〈s,Z𐼂V,,,,69,36,33,27
01210062008,3,〈s,Z𐼂W,,,,35,16,19,15
01210062009,3,〈s,Z𐼂X,,,,60,30,30,29
01210062010,3,〈s,Z𐼂PO,,,,104,53,51,62
01210062011,3,〈s,Z𐼂PP,,,,55,21,34,19
01210062012,3,〈s,Z𐼂PQ,,,,66,31,35,24
01210062013,3,〈s,Z𐼂PR,,,,92,45,47,38
01210062014,3,〈s,Z𐼂PS,,,,78,30,48,29
01210062015,3,〈s,Z𐼂PT,,,,35,19,16,17
01210062016,3,〈s,Z𐼂PU,,,,44,20,24,17
01210062017,3,〈s,Z𐼂PV,,,,64,26,38,25
01210062018,3,〈s,Z𐼂PW,,,,1,1,-,1
01210062019,3,〈s,Z𐼂PX,,,,3,2,1,1
01210062020,3,〈s,Z𐼂QO,,,,4,2,2,2
012100630,2,〈s,,,,,1863,828,1035,850
01210063001,3,〈s,𐼂P,,,,61,29,32,25
01210063002,3,〈s,𐼂Q,,,,84,46,38,52
01210063003,3,〈s,𐼂R,,,,103,39,64,58
01210063004,3,〈s,𐼂S,,,,108,47,61,69
01210063005,3,〈s,𐼂T,,,,88,44,44,41
01210063006,3,〈s,𐼂U,,,,53,19,34,29
01210063007,3,〈s,𐼂V,,,,112,45,67,53
01210063008,3,〈s,𐼂W,,,,59,24,35,38
01210063009,3,〈s,𐼂X,,,,63,25,38,30
01210063010,3,〈s,𐼂PO,,,,104,55,49,47
01210063011,3,〈s,𐼂PP,,,,98,42,56,44
01210063012,3,〈s,𐼂PQ,,,,67,28,39,28
01210063013,3,〈s,𐼂PR,,,,95,45,50,40
01210063014,3,〈s,𐼂PS,,,,94,44,50,41
01210063015,3,〈s,𐼂PT,,,,30,14,16,14
01210063016,3,〈s,𐼂PU,,,,85,41,44,37
01210063017,3,〈s,𐼂PV,,,,89,39,50,38
01210063018,3,〈s,𐼂PW,,,,130,57,73,44
01210063019,3,〈s,𐼂PX,,,,139,60,79,50
01210063020,3,〈s,𐼂QO,,,,72,29,43,30
01210063021,3,〈s,𐼂QP,,,,97,39,58,32
01210063022,3,〈s,𐼂QQ,,,,32,17,15,10
012100640,2,〈s,,,,,1387,576,811,637
01210064001,3,〈s,𐼂P,,,,12,8,4,6
01210064002,3,〈s,𐼂Q,,,,35,11,24,19
01210064003,3,〈s,𐼂R,,,,30,16,14,12
01210064004,3,〈s,𐼂S,,,,11,5,6,4
01210064005,3,〈s,𐼂T,,,,-,-,-,-
01210064006,3,〈s,𐼂U,,,,32,13,19,16
01210064007,3,〈s,𐼂V,,,,46,21,25,29
01210064008,3,〈s,𐼂W,,,,61,21,40,36
01210064009,3,〈s,𐼂X,,,,5,3,2,2
01210064010,3,〈s,𐼂PO,,,,42,20,22,13
01210064011,3,〈s,𐼂PP,,,,32,17,15,20
01210064012,3,〈s,𐼂PQ,,,,2,1,1,2
01210064013,3,〈s,𐼂PR,,,,67,21,46,37
01210064014,3,〈s,𐼂PS,,,,125,52,73,54
01210064015,3,〈s,𐼂PT,,,,39,17,22,15
01210064016,3,〈s,𐼂PU,,,,35,13,22,10
01210064017,3,〈s,𐼂PV,,,,148,59,89,63
01210064018,3,〈s,𐼂PW,,,,84,38,46,44
01210064019,3,〈s,𐼂PX,,,,155,53,102,40
01210064020,3,〈s,𐼂QO,,,,227,97,130,108
01210064021,3,〈s,𐼂QP,,,,112,46,66,67
01210064022,3,〈s,𐼂QQ,,,,87,44,43,40
01210064023,3,〈s,𐼂QR,,,,-,-,-,-
012100650,2,〈s,,,,,723,322,401,252
01210065001,3,〈s,𐼂P,,,,63,27,36,34
01210065002,3,〈s,𐼂Q,,,,9,5,4,3
01210065003,3,〈s,𐼂R,,,,25,13,12,10
01210065004,3,〈s,𐼂S,,,,-,-,-,-
01210065005,3,〈s,𐼂T,,,,-,-,-,-
01210065006,3,〈s,𐼂U,,,,18,9,9,6
01210065007,3,〈s,𐼂V,,,,136,60,76,2
01210065008,3,〈s,𐼂W,,,,4,2,2,2
01210065009,3,〈s,𐼂X,,,,16,9,7,7
01210065010,3,〈s,𐼂PO,,,,30,14,16,12
01210065011,3,〈s,𐼂PP,,,,2,1,1,1
01210065012,3,〈s,𐼂PQ,,,,9,4,5,3
01210065013,3,〈s,𐼂PR,,,,88,43,45,37
01210065014,3,〈s,𐼂PS,,,,119,47,72,54
01210065015,3,〈s,𐼂PT,,,,58,23,35,22
01210065016,3,〈s,𐼂PU,,,,43,18,25,15
01210065017,3,〈s,𐼂PV,,,,16,6,10,7
01210065018,3,〈s,𐼂PW,,,,79,37,42,34
01210065019,3,〈s,𐼂PX,,,,-,-,-,-
01210065020,3,〈s,𐼂QO,,,,-,-,-,-
01210065021,3,〈s,𐼂QP,,,,-,-,-,-
01210065022,3,〈s,𐼂QQ,,,,8,4,4,3
01210065023,3,〈s,𐼂QR,,,,-,-,-,-
012100660,2,〈s,\,,,,373,125,248,106
01210066001,3,〈s,\𐼂P,,,,42,13,29,28
01210066002,3,〈s,\𐼂Q,,,,30,13,17,19
01210066003,3,〈s,\𐼂R,,,,8,2,6,5
01210066004,3,〈s,\𐼂S,,,,32,15,17,20
01210066005,3,〈s,\𐼂T,,,,43,17,26,16
01210066018,3,〈s,\𐼂PW,,,,17,8,9,6
01210066019,3,〈s,\𐼂PX,,,,3,2,1,1
01210066020,3,〈s,\𐼂QO,,,,14,6,8,6
01210066021,3,〈s,\𐼂QP,,,,175,44,131,2
01210066022,3,〈s,\𐼂QQ,,,,9,5,4,3
01210066023,3,〈s,\𐼂QR,,,,-,-,-,-
012100670,2,〈s,\,,,,247,101,146,130
01210067001,3,〈s,\𐼂P,,,,65,29,36,33
01210067002,3,〈s,\𐼂Q,,,,49,21,28,26
01210067003,3,〈s,\𐼂R,,,,29,13,16,14
01210067004,3,〈s,\𐼂S,,,,65,24,41,32
01210067005,3,〈s,\𐼂T,,,,39,14,25,25
012100680,2,〈s,\,,,,189,94,95,80
01210068001,3,〈s,\𐼂P,,,,4,2,2,2
01210068002,3,〈s,\𐼂Q,,,,72,41,31,20
01210068003,3,〈s,\𐼂R,,,,59,25,34,30
01210068004,3,〈s,\𐼂S,,,,22,10,12,11
01210068005,3,〈s,\𐼂T,,,,32,16,16,17
012100690,2,〈s,\O,,,,167,72,95,78
01210069001,3,〈s,\O𐼂P,,,,4,1,3,2
01210069003,3,〈s,\O𐼂R,,,,69,32,37,27
01210069004,3,〈s,\O𐼂S,,,,67,30,37,34
01210069005,3,〈s,\O𐼂T,,,,27,9,18,15
012100700,2,〈s,,,,,1244,583,661,520
01210070001,3,〈s,𓌂P,,,,88,51,37,59
01210070002,3,〈s,𓌂Q,,,,42,21,21,21
01210070003,3,〈s,𓌂R,,,,61,20,41,24
01210070004,3,〈s,𓌂S,,,,113,48,65,36
01210070005,3,〈s,𓌂T,,,,24,11,13,10
01210070006,3,〈s,𓌂U,,,,41,18,23,17
01210070007,3,〈s,𓌂V,,,,24,11,13,10
01210070008,3,〈s,𓌂W,,,,66,32,34,36
01210070009,3,〈s,𓌂X,,,,111,54,57,47
01210070010,3,〈s,𓌂PO,,,,72,39,33,33
01210070011,3,〈s,𓌂PP,,,,129,63,66,52
01210070012,3,〈s,𓌂PQ,,,,-,-,-,-
01210070013,3,〈s,𓌂PR,,,,72,31,41,26
01210070014,3,〈s,𓌂PS,,,,20,11,9,7
01210070015,3,〈s,𓌂PT,,,,2,2,-,1
01210070016,3,〈s,𓌂PU,,,,237,107,130,84
01210070017,3,〈s,𓌂PV,,,,142,64,78,57
012100710,2,〈s,,,,,727,330,397,308
01210071001,3,〈s,𓌂P,,,,25,11,14,17
01210071002,3,〈s,𓌂Q,,,,23,10,13,12
01210071003,3,〈s,𓌂R,,,,53,25,28,39
01210071004,3,〈s,𓌂S,,,,27,15,12,11
01210071005,3,〈s,𓌂T,,,,49,23,26,23
01210071006,3,〈s,𓌂U,,,,45,18,27,25
01210071007,3,〈s,𓌂V,,,,14,9,5,6
01210071008,3,〈s,𓌂W,,,,71,32,39,29
01210071009,3,〈s,𓌂X,,,,55,26,29,26
01210071010,3,〈s,𓌂PO,,,,68,33,35,33
01210071011,3,〈s,𓌂PP,,,,37,18,19,19
01210071012,3,〈s,𓌂PQ,,,,-,-,-,-
01210071013,3,〈s,𓌂PR,,,,55,23,32,21
01210071014,3,〈s,𓌂PS,,,,80,42,38,29
01210071015,3,〈s,𓌂PT,,,,80,20,60,1
01210071016,3,〈s,𓌂PU,,,,42,24,18,16
01210071017,3,〈s,𓌂PV,,,,-,-,-,-
01210071018,3,〈s,𓌂PW,,,,3,1,2,1
012100720,2,〈s,O,,,,1041,501,540,497
01210072001,3,〈s,O𓌂P,,,,19,6,13,8
01210072002,3,〈s,O𓌂Q,,,,58,29,29,32
01210072003,3,〈s,O𓌂R,,,,30,10,20,20
01210072004,3,〈s,O𓌂S,,,,33,23,10,14
01210072007,3,〈s,O𓌂V,,,,40,17,23,19
01210072008,3,〈s,O𓌂W,,,,5,2,3,2
01210072009,3,〈s,O𓌂X,,,,92,41,51,44
01210072010,3,〈s,O𓌂PO,,,,5,3,2,3
01210072011,3,〈s,O𓌂PP,,,,49,22,27,22
01210072012,3,〈s,O𓌂PQ,,,,2,1,1,1
01210072013,3,〈s,O𓌂PR,,,,98,42,56,55
01210072014,3,〈s,O𓌂PS,,,,3,2,1,1
01210072016,3,〈s,O𓌂PU,,,,110,57,53,51
01210072017,3,〈s,O𓌂PV,,,,205,102,103,102
01210072018,3,〈s,O𓌂PW,,,,292,144,148,123
012100730,2,〈s,l,,,,1161,534,627,555
01210073001,3,〈s,l𓌂P,,,,17,8,9,11
01210073002,3,〈s,l𓌂Q,,,,7,5,2,5
01210073003,3,〈s,l𓌂R,,,,14,7,7,6
01210073004,3,〈s,l𓌂S,,,,-,-,-,-
01210073005,3,〈s,l𓌂T,,,,101,48,53,66
01210073006,3,〈s,l𓌂U,,,,20,10,10,9
01210073007,3,〈s,l𓌂V,,,,41,20,21,18
01210073008,3,〈s,l𓌂W,,,,26,9,17,13
01210073009,3,〈s,l𓌂X,,,,1,-,1,1
01210073010,3,〈s,l𓌂PO,,,,14,6,8,7
01210073011,3,〈s,l𓌂PP,,,,29,15,14,12
01210073012,3,〈s,l𓌂PQ,,,,94,49,45,38
01210073013,3,〈s,l𓌂PR,,,,28,14,14,17
01210073014,3,〈s,l𓌂PS,,,,-,-,-,-
01210073015,3,〈s,l𓌂PT,,,,-,-,-,-
01210073016,3,〈s,l𓌂PU,,,,96,40,56,60
01210073017,3,〈s,l𓌂PV,,,,414,189,225,202
01210073018,3,〈s,l𓌂PW,,,,259,114,145,90
012100740,2,〈s,܏,,,,1882,850,1032,806
01210074001,3,〈s,܏𓌂P,,,,27,7,20,15
01210074002,3,〈s,܏𓌂Q,,,,35,14,21,16
01210074003,3,〈s,܏𓌂R,,,,84,36,48,54
01210074004,3,〈s,܏𓌂S,,,,25,10,15,12
01210074005,3,〈s,܏𓌂T,,,,16,7,9,8
01210074006,3,〈s,܏𓌂U,,,,73,27,46,43
01210074007,3,〈s,܏𓌂V,,,,21,11,10,10
01210074008,3,〈s,܏𓌂W,,,,93,44,49,55
01210074010,3,〈s,܏𓌂PO,,,,44,22,22,20
01210074011,3,〈s,܏𓌂PP,,,,107,53,54,67
01210074012,3,〈s,܏𓌂PQ,,,,25,11,14,10
01210074013,3,〈s,܏𓌂PR,,,,70,37,33,28
01210074014,3,〈s,܏𓌂PS,,,,17,8,9,8
01210074015,3,〈s,܏𓌂PT,,,,200,86,114,80
01210074016,3,〈s,܏𓌂PU,,,,278,131,147,122
01210074017,3,〈s,܏𓌂PV,,,,318,154,164,151
01210074018,3,〈s,܏𓌂PW,,,,449,192,257,107
012100750,2,〈s,Z,,,,1411,638,773,701
01210075001,3,〈s,Z𓌂P,,,,27,11,16,18
01210075002,3,〈s,Z𓌂Q,,,,42,19,23,22
01210075003,3,〈s,Z𓌂R,,,,62,38,24,32
01210075004,3,〈s,Z𓌂S,,,,211,99,112,117
01210075005,3,〈s,Z𓌂T,,,,51,23,28,22
01210075006,3,〈s,Z𓌂U,,,,41,20,21,17
01210075007,3,〈s,Z𓌂V,,,,21,10,11,10
01210075008,3,〈s,Z𓌂W,,,,6,2,4,2
01210075009,3,〈s,Z𓌂X,,,,65,27,38,27
01210075010,3,〈s,Z𓌂PO,,,,41,16,25,19
01210075011,3,〈s,Z𓌂PP,,,,187,91,96,94
01210075012,3,〈s,Z𓌂PQ,,,,404,181,223,207
01210075013,3,〈s,Z𓌂PR,,,,185,76,109,81
01210075014,3,〈s,Z𓌂PS,,,,68,25,43,33
012100760,2,〈s,,,,,993,499,494,485
01210076001,3,〈s,𓌂P,,,,102,46,56,49
01210076002,3,〈s,𓌂Q,,,,128,56,72,61
01210076003,3,〈s,𓌂R,,,,69,38,31,42
01210076004,3,〈s,𓌂S,,,,97,61,36,71
01210076005,3,〈s,𓌂T,,,,12,6,6,5
01210076006,3,〈s,𓌂U,,,,57,36,21,30
01210076007,3,〈s,𓌂V,,,,52,25,27,21
01210076008,3,〈s,𓌂W,,,,139,73,66,62
01210076009,3,〈s,𓌂X,,,,-,-,-,-
01210076010,3,〈s,𓌂PO,,,,35,14,21,14
01210076011,3,〈s,𓌂PP,,,,-,-,-,-
01210076012,3,〈s,𓌂PQ,,,,180,83,97,82
01210076013,3,〈s,𓌂PR,,,,122,61,61,48
01210076014,3,〈s,𓌂PS,,,,-,-,-,-
012100770,2,〈s,,,,,308,141,167,140
01210077001,3,〈s,𓌂P,,,,34,15,19,15
01210077002,3,〈s,𓌂Q,,,,36,17,19,23
01210077003,3,〈s,𓌂R,,,,83,30,53,40
01210077004,3,〈s,𓌂S,,,,48,29,19,24
01210077005,3,〈s,𓌂T,,,,52,23,29,18
01210077006,3,〈s,𓌂U,,,,23,10,13,6
01210077010,3,〈s,𓌂PO,,,,-,-,-,-
01210077011,3,〈s,𓌂PP,,,,28,14,14,12
01210077012,3,〈s,𓌂PQ,,,,4,3,1,2
012100780,2,〈s,,,,,552,239,313,244
01210078001,3,〈s,𓌂P,,,,26,10,16,15
01210078002,3,〈s,𓌂Q,,,,1,-,1,1
01210078005,3,〈s,𓌂T,,,,221,89,132,101
01210078006,3,〈s,𓌂U,,,,72,31,41,31
01210078007,3,〈s,𓌂V,,,,69,37,32,27
01210078008,3,〈s,𓌂W,,,,64,24,40,25
01210078009,3,〈s,𓌂X,,,,99,48,51,44
012100790,2,〈s,\,,,,38,19,19,21
01210079001,3,〈s,\𓌂P,,,,2,1,1,1
01210079002,3,〈s,\𓌂Q,,,,1,1,-,1
01210079003,3,〈s,\𓌂R,,,,2,1,1,1
01210079004,3,〈s,\𓌂S,,,,7,1,6,5
01210079005,3,〈s,\𓌂T,,,,4,2,2,3
01210079006,3,〈s,\𓌂U,,,,4,2,2,2
01210079007,3,〈s,\𓌂V,,,,18,11,7,8
012100800,2,〈s,\,,,,36,16,20,24
012100810,2,〈s,\,,,,29,14,15,10
012100820,2,〈s,kL,,,,405,195,210,124
012100830,2,〈s,kL,,,,297,146,151,93
012100840,2,〈s,kks,,,,106,51,55,36
012100850,2,〈s,k,,,,193,92,101,61
012100860,2,〈s,kSBz,,,,125,52,73,34
012100870,2,〈s,kyBz,,,,305,148,157,90
012100880,2,〈s,kl,,,,246,115,131,75
012100890,2,〈s,kԐ,,,,547,229,318,159
012100900,2,〈s,kh,,,,607,293,314,235
012100910,2,〈s,k,,,,224,110,114,61
012100920,2,〈s,k,,,,177,88,89,47
012100931,2,〈s,I򒬓{,,,,382,164,218,115
012100932,2,〈s,I򒬖{,,,,182,83,99,84
012100933,2,〈s,I򒬓{,,,,131,62,69,61
012100934,2,〈s,I򒬖k{,,,,342,157,185,145
012100935,2,〈s,I򒬐{,,,,67,34,33,28
012100940,2,〈s,I򒬓vg,,,,230,112,118,70
012100950,2,〈s,I򒬌I,,,,104,49,55,32
012100960,2,〈s,I򒬍k,,,,53,25,28,21
012100970,2,〈s,I򒬖kl,,,,223,109,114,77
012100980,2,〈s,I򒬉zO,,,,120,57,63,40
012100990,2,〈s,I򒬎,,,,80,37,43,27
012101001,2,〈s,I򒬍K䒬,,,,73,32,41,33
012101002,2,〈s,I򒬓K,,,,47,21,26,19
012101010,2,〈s,I򒬖kK,,,,188,86,102,69
012101020,2,〈s,I򒬕K,,,,507,240,267,222
012101030,2,〈s,I򒬏,,,,121,60,61,39
012101040,2,〈s,I򒬊,,,,188,89,99,56
012101050,2,〈s,I򒬍ŏ,,,,1303,610,693,410
012101060,2,〈s,I򒬉ΐ,,,,60,30,30,22
012101070,2,〈s,I򒬌Iu,,,,132,54,78,60
012101080,2,〈s,I򒬗R,,,,534,252,282,208
012101090,2,〈s,I򒬖ΐN,,,,158,74,84,51
012101100,2,〈s,I򒬏y,,,,200,105,95,68
012101110,2,〈s,I򒬋{,,,,55,26,29,18
012101121,2,〈s,I򒬔nh,,,,131,64,67,67
012101122,2,〈s,I򒬔n{,,,,53,24,29,34
012101123,2,〈s,I򒬔nђ,,,,98,40,58,47
012101124,2,〈s,I򒬔nL,,,,83,41,42,39
012101125,2,〈s,I򒬔ng쒬,,,,44,21,23,26
012101126,2,〈s,I򒬔nh,,,,59,26,33,35
012101127,2,〈s,I򒬔n,,,,83,48,35,36
012101128,2,〈s,I򒬔n,,,,26,13,13,11
012101129,2,〈s,I򒬔nt,,,,18,12,6,9
012101131,2,〈s,I򒬖啽,,,,18,7,11,7
012101132,2,〈s,I򒬖,,,,38,18,20,25
012101133,2,〈s,I򒬖b,,,,22,10,12,13
012101134,2,〈s,I򒬖,,,,4,1,3,3
012101135,2,〈s,I򒬖,,,,14,6,8,8
012101136,2,〈s,I򒬖K,,,,20,10,10,11
