KEY_CODE,HYOSYO,CITYNAME,NAME,HTKSYORI,HTKSAKI,GASSAN,T000572001,T000572002,T000572003,T000572004
,,,,,,,l,j,,ё
01105,1,DysL,,,,,212118,98960,113158,107179
011050101,2,DysL,L,,,,2006,933,1073,1205
01105010101,3,DysL,LP,,,,354,153,201,267
01105010102,3,DysL,LQ,,,,155,84,71,117
01105010103,3,DysL,LR,,,,569,272,297,279
01105010104,3,DysL,LS,,,,63,28,35,43
01105010105,3,DysL,LT,,,,119,53,66,54
01105010106,3,DysL,LU,,,,177,86,91,121
01105010107,3,DysL,LV,,,,130,63,67,73
01105010108,3,DysL,LW,,,,178,77,101,96
01105010110,3,DysL,LPO,,,,176,81,95,115
01105010111,3,DysL,LPP,,,,29,12,17,18
01105010112,3,DysL,LPQ,,,,-,-,-,-
01105010113,3,DysL,LPR,,,,56,24,32,22
011050102,2,DysL,L,,,,1566,727,839,915
01105010201,3,DysL,LP,,,,323,142,181,259
01105010202,3,DysL,LQ,,,,313,148,165,166
01105010203,3,DysL,LR,,,,30,15,15,11
01105010204,3,DysL,LS,,,,168,73,95,101
01105010205,3,DysL,LT,,,,78,33,45,44
01105010206,3,DysL,LU,,,,116,60,56,62
01105010207,3,DysL,LV,,,,76,36,40,51
01105010208,3,DysL,LW,,,,257,125,132,118
01105010210,3,DysL,LPO,,,,54,28,26,31
01105010211,3,DysL,LPP,,,,82,36,46,39
01105010212,3,DysL,LPQ,,,,60,29,31,28
01105010213,3,DysL,LPR,,,,9,2,7,5
011050103,2,DysL,LO,,,,3580,1671,1909,2288
01105010301,3,DysL,LOP,,,,449,182,267,247
01105010302,3,DysL,LOQ,,,,384,177,207,281
01105010303,3,DysL,LOR,,,,387,187,200,272
01105010304,3,DysL,LOS,,,,168,81,87,115
01105010305,3,DysL,LOT,,,,99,47,52,85
01105010306,3,DysL,LOU,,,,181,74,107,99
01105010307,3,DysL,LOV,,,,379,192,187,277
01105010308,3,DysL,LOW,,,,573,293,280,380
01105010309,3,DysL,LOX,,,,228,102,126,121
01105010310,3,DysL,LOPO,,,,134,71,63,106
01105010311,3,DysL,LOPP,,,,262,116,146,99
01105010312,3,DysL,LOPQ,,,,234,101,133,147
01105010313,3,DysL,LOPR,,,,102,48,54,59
011050104,2,DysL,Ll,,,,4656,2101,2555,2614
01105010401,3,DysL,LlP,,,,286,130,156,220
01105010402,3,DysL,LlQ,,,,628,298,330,287
01105010403,3,DysL,LlR,,,,946,396,550,529
01105010405,3,DysL,LlT,,,,128,67,61,79
01105010406,3,DysL,LlU,,,,22,7,15,13
01105010407,3,DysL,LlV,,,,231,111,120,185
01105010408,3,DysL,LlW,,,,69,33,36,33
01105010409,3,DysL,LlX,,,,675,315,360,346
01105010410,3,DysL,LlPO,,,,735,337,398,414
01105010411,3,DysL,LlPP,,,,200,88,112,114
01105010412,3,DysL,LlPQ,,,,446,204,242,237
01105010413,3,DysL,LlPR,,,,290,115,175,157
011050105,2,DysL,L܏,,,,1590,727,863,884
01105010501,3,DysL,L܏P,,,,56,27,29,27
01105010502,3,DysL,L܏Q,,,,320,136,184,151
01105010503,3,DysL,L܏R,,,,109,48,61,74
01105010505,3,DysL,L܏T,,,,195,91,104,105
01105010506,3,DysL,L܏U,,,,381,174,207,199
01105010507,3,DysL,L܏V,,,,-,-,-,-
01105010508,3,DysL,L܏W,,,,158,72,86,93
01105010509,3,DysL,L܏X,,,,-,-,-,-
01105010510,3,DysL,L܏PO,,,,371,179,192,235
01105010511,3,DysL,L܏PP,,,,-,-,-,-
01105010513,3,DysL,L܏PR,,,,-,-,-,-
011050106,2,DysL,LZ,,,,2647,1180,1467,1269
01105010602,3,DysL,LZQ,,,,94,49,45,71
01105010603,3,DysL,LZR,,,,645,303,342,332
01105010605,3,DysL,LZT,,,,135,58,77,85
01105010606,3,DysL,LZU,,,,555,250,305,214
01105010607,3,DysL,LZV,,,,117,64,53,76
01105010608,3,DysL,LZW,,,,288,125,163,84
01105010609,3,DysL,LZX,,,,-,-,-,-
01105010610,3,DysL,LZPO,,,,813,331,482,407
011050107,2,DysL,L,,,,1125,487,638,648
01105010707,3,DysL,LV,,,,342,149,193,247
01105010708,3,DysL,LW,,,,345,150,195,176
01105010709,3,DysL,LX,,,,108,44,64,52
01105010710,3,DysL,LPO,,,,318,139,179,166
01105010713,3,DysL,LPR,,,,12,5,7,7
011050108,2,DysL,L,,,,1808,862,946,1055
01105010808,3,DysL,LW,,,,245,126,119,142
01105010809,3,DysL,LX,,,,342,165,177,248
01105010810,3,DysL,LPO,,,,528,244,284,299
01105010811,3,DysL,LPP,,,,368,179,189,198
01105010812,3,DysL,LPQ,,,,99,46,53,53
01105010813,3,DysL,LPR,,,,226,102,124,115
011050109,2,DysL,L,,,,296,134,162,131
011050200,2,DysL,,,,,2338,1139,1199,1531
01105020001,3,DysL,P,,,,228,94,134,145
01105020002,3,DysL,Q,,,,335,170,165,244
01105020003,3,DysL,R,,,,678,344,334,465
01105020004,3,DysL,S,,,,60,33,27,56
01105020005,3,DysL,T,,,,403,175,228,239
01105020006,3,DysL,U,,,,478,242,236,292
01105020007,3,DysL,V,,,,156,81,75,90
011050300,2,DysL,Ԓ,,,,3429,1778,1651,2072
01105030001,3,DysL,ԒP,,,,405,203,202,260
01105030002,3,DysL,ԒQ,,,,566,291,275,409
01105030003,3,DysL,ԒR,,,,138,71,67,70
01105030004,3,DysL,ԒS,,,,407,191,216,183
01105030005,3,DysL,ԒT,,,,606,314,292,338
01105030006,3,DysL,ԒU,,,,218,109,109,135
01105030007,3,DysL,ԒV,,,,695,413,282,483
01105030008,3,DysL,ԒW,,,,394,186,208,194
011050400,2,DysL,rPu,,,,335,181,154,133
011050501,2,DysL,݈,,,,10958,5176,5782,5686
01105050101,3,DysL,݈P,,,,512,249,263,345
01105050102,3,DysL,݈Q,,,,844,392,452,473
01105050103,3,DysL,݈R,,,,152,80,72,107
01105050104,3,DysL,݈S,,,,481,210,271,236
01105050105,3,DysL,݈T,,,,850,377,473,423
01105050106,3,DysL,݈U,,,,571,232,339,310
01105050107,3,DysL,݈V,,,,826,374,452,474
01105050108,3,DysL,݈W,,,,851,410,441,527
01105050109,3,DysL,݈X,,,,496,233,263,286
01105050110,3,DysL,݈PO,,,,868,420,448,342
01105050111,3,DysL,݈PP,,,,64,32,32,26
01105050112,3,DysL,݈PQ,,,,198,106,92,80
01105050113,3,DysL,݈PR,,,,602,296,306,357
01105050114,3,DysL,݈PS,,,,575,276,299,290
01105050115,3,DysL,݈PT,,,,292,148,144,145
01105050116,3,DysL,݈PU,,,,658,316,342,320
01105050117,3,DysL,݈PV,,,,582,279,303,279
01105050118,3,DysL,݈PW,,,,162,77,85,117
01105050119,3,DysL,݈PX,,,,310,151,159,120
01105050120,3,DysL,݈QO,,,,546,260,286,217
01105050121,3,DysL,݈QP,,,,305,151,154,142
01105050122,3,DysL,݈QQ,,,,209,105,104,69
01105050123,3,DysL,݈QR,,,,4,2,2,1
011050502,2,DysL,ݓ,,,,9286,4135,5151,5321
01105050201,3,DysL,ݓP,,,,535,263,272,362
01105050202,3,DysL,ݓQ,,,,514,208,306,287
01105050203,3,DysL,ݓR,,,,837,398,439,525
01105050204,3,DysL,ݓS,,,,684,293,391,360
01105050205,3,DysL,ݓT,,,,344,150,194,185
01105050206,3,DysL,ݓU,,,,350,163,187,260
01105050207,3,DysL,ݓV,,,,568,222,346,392
01105050208,3,DysL,ݓW,,,,1054,429,625,645
01105050209,3,DysL,ݓX,,,,997,433,564,596
01105050210,3,DysL,ݓPO,,,,540,253,287,279
01105050211,3,DysL,ݓPP,,,,364,175,189,216
01105050212,3,DysL,ݓPQ,,,,400,185,215,200
01105050213,3,DysL,ݓPR,,,,487,224,263,225
01105050214,3,DysL,ݓPS,,,,750,328,422,351
01105050215,3,DysL,ݓPT,,,,348,169,179,153
01105050216,3,DysL,ݓPU,,,,194,90,104,79
01105050217,3,DysL,ݓPV,,,,167,76,91,88
01105050218,3,DysL,ݓPW,,,,153,76,77,118
011050503,2,DysL,ݎO,,,,10563,4687,5876,6519
01105050301,3,DysL,ݎOP,,,,83,41,42,46
01105050302,3,DysL,ݎOQ,,,,310,152,158,203
01105050303,3,DysL,ݎOR,,,,257,129,128,163
01105050304,3,DysL,ݎOS,,,,759,363,396,516
01105050305,3,DysL,ݎOT,,,,526,246,280,326
01105050306,3,DysL,ݎOU,,,,544,238,306,337
01105050307,3,DysL,ݎOV,,,,701,293,408,507
01105050308,3,DysL,ݎOW,,,,982,435,547,647
01105050309,3,DysL,ݎOX,,,,897,379,518,545
01105050310,3,DysL,ݎOPO,,,,635,282,353,375
01105050311,3,DysL,ݎOPP,,,,528,213,315,290
01105050312,3,DysL,ݎOPQ,,,,545,229,316,331
01105050313,3,DysL,ݎOPR,,,,649,261,388,401
01105050314,3,DysL,ݎOPS,,,,478,227,251,332
01105050315,3,DysL,ݎOPT,,,,384,162,222,242
01105050316,3,DysL,ݎOPU,,,,382,191,191,250
01105050317,3,DysL,ݎOPV,,,,794,372,422,431
01105050318,3,DysL,ݎOPW,,,,1109,474,635,577
011050504,2,DysL,ݎl,,,,11339,5214,6125,6606
01105050401,3,DysL,ݎlP,,,,435,201,234,240
01105050402,3,DysL,ݎlQ,,,,510,267,243,288
01105050403,3,DysL,ݎlR,,,,488,232,256,321
01105050404,3,DysL,ݎlS,,,,494,243,251,313
01105050405,3,DysL,ݎlT,,,,355,163,192,214
01105050406,3,DysL,ݎlU,,,,322,164,158,231
01105050407,3,DysL,ݎlV,,,,1079,491,588,666
01105050408,3,DysL,ݎlW,,,,650,293,357,368
01105050409,3,DysL,ݎlX,,,,1060,486,574,609
01105050410,3,DysL,ݎlPO,,,,497,220,277,340
01105050411,3,DysL,ݎlPP,,,,789,370,419,446
01105050412,3,DysL,ݎlPQ,,,,715,317,398,468
01105050413,3,DysL,ݎlPR,,,,706,301,405,420
01105050414,3,DysL,ݎlPS,,,,1201,509,692,664
01105050415,3,DysL,ݎlPT,,,,162,69,93,100
01105050416,3,DysL,ݎlPU,,,,900,414,486,421
01105050417,3,DysL,ݎlPV,,,,414,204,210,233
01105050418,3,DysL,ݎlPW,,,,562,270,292,264
011050505,2,DysL,݌܏,,,,4324,2070,2254,2222
01105050506,3,DysL,݌܏U,,,,491,238,253,250
01105050507,3,DysL,݌܏V,,,,465,244,221,331
01105050508,3,DysL,݌܏W,,,,361,159,202,128
01105050509,3,DysL,݌܏X,,,,340,161,179,179
01105050510,3,DysL,݌܏PO,,,,1040,484,556,468
01105050511,3,DysL,݌܏PP,,,,379,182,197,188
01105050512,3,DysL,݌܏PQ,,,,907,428,479,443
01105050513,3,DysL,݌܏PR,,,,288,149,139,210
01105050514,3,DysL,݌܏PS,,,,42,20,22,24
01105050515,3,DysL,݌܏PT,,,,-,-,-,-
01105050518,3,DysL,݌܏PW,,,,-,-,-,-
01105050519,3,DysL,݌܏PX,,,,11,5,6,1
011050506,2,DysL,ݘZ,,,,3456,1639,1817,1757
01105050609,3,DysL,ݘZX,,,,269,118,151,145
01105050610,3,DysL,ݘZPO,,,,217,96,121,104
01105050611,3,DysL,ݘZPP,,,,41,17,24,18
01105050612,3,DysL,ݘZPQ,,,,740,361,379,398
01105050613,3,DysL,ݘZPR,,,,746,343,403,359
01105050614,3,DysL,ݘZPS,,,,471,224,247,245
01105050615,3,DysL,ݘZPT,,,,353,174,179,223
01105050616,3,DysL,ݘZPU,,,,398,188,210,168
01105050617,3,DysL,ݘZPV,,,,221,118,103,97
011050507,2,DysL,ݎ,,,,2379,1111,1268,1066
01105050712,3,DysL,ݎPQ,,,,168,73,95,49
01105050713,3,DysL,ݎPR,,,,519,225,294,279
01105050714,3,DysL,ݎPS,,,,929,444,485,421
01105050715,3,DysL,ݎPT,,,,88,45,43,40
01105050716,3,DysL,ݎPU,,,,175,91,84,67
01105050717,3,DysL,ݎPV,,,,190,85,105,81
01105050718,3,DysL,ݎPW,,,,123,63,60,50
01105050719,3,DysL,ݎPX,,,,187,85,102,79
011050508,2,DysL,ݔ,,,,1030,476,554,419
01105050812,3,DysL,ݔPQ,,,,609,270,339,207
01105050813,3,DysL,ݔPR,,,,421,206,215,212
011050701,2,DysL,̓,,,,8090,3771,4319,4697
01105070101,3,DysL,̓P,,,,1006,435,571,698
01105070102,3,DysL,̓Q,,,,1148,502,646,762
01105070103,3,DysL,̓R,,,,785,352,433,493
01105070104,3,DysL,̓S,,,,825,386,439,506
01105070105,3,DysL,̓T,,,,354,176,178,170
01105070106,3,DysL,̓U,,,,697,331,366,384
01105070107,3,DysL,̓V,,,,722,333,389,412
01105070108,3,DysL,̓W,,,,346,149,197,149
01105070109,3,DysL,̓X,,,,702,347,355,402
01105070110,3,DysL,̓PO,,,,640,325,315,348
01105070111,3,DysL,̓PP,,,,361,187,174,181
01105070112,3,DysL,̓PQ,,,,411,205,206,138
01105070113,3,DysL,̓PR,,,,-,-,-,-
01105070114,3,DysL,̓PS,,,,93,43,50,54
011050702,2,DysL,̓,,,,5069,2371,2698,2934
01105070201,3,DysL,̓P,,,,565,247,318,379
01105070202,3,DysL,̓Q,,,,1001,408,593,656
01105070203,3,DysL,̓R,,,,439,211,228,292
01105070204,3,DysL,̓S,,,,641,318,323,387
01105070205,3,DysL,̓T,,,,389,210,179,241
01105070206,3,DysL,̓U,,,,83,38,45,35
01105070207,3,DysL,̓V,,,,283,133,150,124
01105070208,3,DysL,̓W,,,,414,204,210,228
01105070209,3,DysL,̓X,,,,173,81,92,102
01105070210,3,DysL,̓PO,,,,590,267,323,291
01105070211,3,DysL,̓PP,,,,326,159,167,108
01105070212,3,DysL,̓PQ,,,,165,95,70,91
011050901,2,DysL,,,,,2461,1149,1312,1389
01105090101,3,DysL,P,,,,367,162,205,185
01105090102,3,DysL,Q,,,,237,119,118,171
01105090103,3,DysL,R,,,,292,149,143,200
01105090104,3,DysL,S,,,,79,33,46,34
01105090105,3,DysL,T,,,,636,282,354,272
01105090106,3,DysL,U,,,,313,135,178,176
01105090107,3,DysL,V,,,,193,83,110,137
01105090108,3,DysL,W,,,,344,186,158,214
011050902,2,DysL,,,,,1505,718,787,897
01105090201,3,DysL,P,,,,81,42,39,49
01105090202,3,DysL,Q,,,,195,95,100,98
01105090203,3,DysL,R,,,,179,85,94,114
01105090204,3,DysL,S,,,,208,87,121,122
01105090205,3,DysL,T,,,,232,105,127,142
01105090206,3,DysL,U,,,,300,148,152,195
01105090207,3,DysL,V,,,,125,61,64,98
01105090208,3,DysL,W,,,,185,95,90,79
011050903,2,DysL,O,,,,1506,741,765,825
01105090301,3,DysL,OP,,,,375,179,196,194
01105090302,3,DysL,OQ,,,,257,138,119,130
01105090303,3,DysL,OR,,,,31,13,18,22
01105090304,3,DysL,OS,,,,195,98,97,99
01105090305,3,DysL,OT,,,,91,54,37,52
01105090306,3,DysL,OU,,,,37,15,22,25
01105090307,3,DysL,OV,,,,214,99,115,139
01105090308,3,DysL,OW,,,,306,145,161,164
011050904,2,DysL,l,,,,1995,949,1046,1168
01105090401,3,DysL,lP,,,,275,128,147,176
01105090402,3,DysL,lQ,,,,258,142,116,155
01105090403,3,DysL,lR,,,,270,125,145,127
01105090404,3,DysL,lS,,,,106,40,66,54
01105090405,3,DysL,lT,,,,267,119,148,185
01105090406,3,DysL,lU,,,,324,147,177,211
01105090407,3,DysL,lV,,,,333,162,171,162
01105090408,3,DysL,lW,,,,162,86,76,98
011050905,2,DysL,܏,,,,1758,865,893,972
01105090501,3,DysL,܏P,,,,180,96,84,89
01105090502,3,DysL,܏Q,,,,229,121,108,115
01105090503,3,DysL,܏R,,,,355,165,190,167
01105090504,3,DysL,܏S,,,,120,65,55,70
01105090505,3,DysL,܏T,,,,283,130,153,187
01105090506,3,DysL,܏U,,,,185,92,93,118
01105090507,3,DysL,܏V,,,,228,106,122,128
01105090508,3,DysL,܏W,,,,178,90,88,98
011050906,2,DysL,Z,,,,982,461,521,528
01105090601,3,DysL,ZP,,,,-,-,-,-
01105090602,3,DysL,ZQ,,,,42,23,19,26
01105090603,3,DysL,ZR,,,,93,39,54,46
01105090604,3,DysL,ZS,,,,94,50,44,47
01105090605,3,DysL,ZT,,,,194,86,108,82
01105090606,3,DysL,ZU,,,,243,105,138,147
01105090607,3,DysL,ZV,,,,104,56,48,64
01105090608,3,DysL,ZW,,,,212,102,110,116
011050907,2,DysL,,,,,2602,1234,1368,1432
01105090701,3,DysL,P,,,,416,197,219,216
01105090702,3,DysL,Q,,,,365,179,186,174
01105090703,3,DysL,R,,,,491,238,253,278
01105090704,3,DysL,S,,,,88,46,42,58
01105090705,3,DysL,T,,,,277,135,142,137
01105090706,3,DysL,U,,,,312,136,176,159
01105090707,3,DysL,V,,,,387,176,211,257
01105090708,3,DysL,W,,,,266,127,139,153
011050908,2,DysL,,,,,2345,1134,1211,1254
01105090801,3,DysL,P,,,,287,141,146,180
01105090802,3,DysL,Q,,,,496,218,278,296
01105090803,3,DysL,R,,,,330,154,176,183
01105090804,3,DysL,S,,,,44,20,24,21
01105090805,3,DysL,T,,,,192,87,105,107
01105090806,3,DysL,U,,,,247,150,97,177
01105090807,3,DysL,V,,,,463,229,234,174
01105090808,3,DysL,W,,,,286,135,151,116
011050909,2,DysL,,,,,2473,1195,1278,1286
01105090901,3,DysL,P,,,,337,162,175,158
01105090902,3,DysL,Q,,,,503,253,250,282
01105090903,3,DysL,R,,,,375,189,186,232
01105090904,3,DysL,S,,,,175,77,98,97
01105090905,3,DysL,T,,,,174,78,96,97
01105090906,3,DysL,U,,,,183,88,95,100
01105090907,3,DysL,V,,,,390,195,195,187
01105090908,3,DysL,W,,,,336,153,183,133
011050910,2,DysL,\,,,,758,379,379,438
01105091004,3,DysL,\S,,,,277,134,143,146
01105091005,3,DysL,\T,,,,126,65,61,72
01105091006,3,DysL,\U,,,,168,82,86,90
01105091007,3,DysL,\V,,,,187,98,89,130
01105091008,3,DysL,\W,,,,-,-,-,-
011050911,2,DysL,\,,,,851,400,451,473
01105091104,3,DysL,\S,,,,196,95,101,112
01105091105,3,DysL,\T,,,,221,100,121,125
01105091106,3,DysL,\U,,,,344,165,179,183
01105091107,3,DysL,\V,,,,90,40,50,53
01105091108,3,DysL,\W,,,,-,-,-,-
011050912,2,DysL,\,,,,760,379,381,386
01105091206,3,DysL,\U,,,,385,185,200,203
01105091207,3,DysL,\V,,,,296,150,146,146
01105091208,3,DysL,\W,,,,79,44,35,37
011051100,2,DysL,,,,,4644,2085,2559,2392
01105110001,3,DysL,ʂP,,,,22,6,16,12
01105110002,3,DysL,ʂQ,,,,81,38,43,39
01105110003,3,DysL,ʂR,,,,486,231,255,226
01105110004,3,DysL,ʂS,,,,505,223,282,314
01105110005,3,DysL,ʂT,,,,260,117,143,158
01105110006,3,DysL,ʂU,,,,764,295,469,363
01105110007,3,DysL,ʂV,,,,244,101,143,142
01105110008,3,DysL,ʂW,,,,518,254,264,286
01105110009,3,DysL,ʂX,,,,287,150,137,153
01105110010,3,DysL,ʂPO,,,,302,129,173,166
01105110011,3,DysL,ʂPP,,,,1175,541,634,533
011051201,2,DysL,,,,,8969,4066,4903,4186
01105120101,3,DysL,P,,,,316,146,170,155
01105120102,3,DysL,Q,,,,402,189,213,182
01105120103,3,DysL,R,,,,127,66,61,91
01105120104,3,DysL,S,,,,177,82,95,88
01105120105,3,DysL,T,,,,371,168,203,212
01105120106,3,DysL,U,,,,533,238,295,266
01105120107,3,DysL,V,,,,809,345,464,449
01105120108,3,DysL,W,,,,31,19,12,18
01105120109,3,DysL,X,,,,245,95,150,110
01105120110,3,DysL,PO,,,,580,247,333,295
01105120111,3,DysL,PP,,,,544,224,320,296
01105120112,3,DysL,PQ,,,,45,21,24,18
01105120113,3,DysL,PR,,,,591,291,300,227
01105120114,3,DysL,PS,,,,412,204,208,205
01105120115,3,DysL,PT,,,,1226,537,689,547
01105120116,3,DysL,PU,,,,850,394,456,342
01105120117,3,DysL,PV,,,,588,275,313,212
01105120118,3,DysL,PW,,,,421,210,211,172
01105120119,3,DysL,PX,,,,472,210,262,199
01105120120,3,DysL,QO,,,,229,105,124,102
011051202,2,DysL,,,,,11365,5322,6043,5234
01105120201,3,DysL,P,,,,342,168,174,178
01105120202,3,DysL,Q,,,,311,144,167,123
01105120203,3,DysL,R,,,,853,408,445,466
01105120204,3,DysL,S,,,,318,151,167,144
01105120205,3,DysL,T,,,,750,368,382,371
01105120206,3,DysL,U,,,,588,271,317,308
01105120207,3,DysL,V,,,,834,372,462,446
01105120208,3,DysL,W,,,,105,47,58,66
01105120209,3,DysL,X,,,,277,108,169,150
01105120210,3,DysL,PO,,,,388,170,218,193
01105120211,3,DysL,PP,,,,617,304,313,288
01105120212,3,DysL,PQ,,,,527,249,278,201
01105120213,3,DysL,PR,,,,72,34,38,29
01105120214,3,DysL,PS,,,,76,37,39,35
01105120215,3,DysL,PT,,,,489,224,265,203
01105120216,3,DysL,PU,,,,876,419,457,408
01105120217,3,DysL,PV,,,,427,201,226,185
01105120218,3,DysL,PW,,,,1545,714,831,570
01105120219,3,DysL,PX,,,,1373,643,730,612
01105120220,3,DysL,QO,,,,597,290,307,258
011051203,2,DysL,O,,,,7095,3386,3709,2983
01105120303,3,DysL,OR,,,,376,176,200,163
01105120304,3,DysL,OS,,,,480,239,241,245
01105120305,3,DysL,OT,,,,397,167,230,189
01105120306,3,DysL,OU,,,,399,197,202,182
01105120307,3,DysL,OV,,,,491,254,237,260
01105120308,3,DysL,OW,,,,399,189,210,159
01105120309,3,DysL,OX,,,,513,241,272,209
01105120310,3,DysL,OPO,,,,405,198,207,144
01105120311,3,DysL,OPP,,,,7,3,4,2
01105120315,3,DysL,OPT,,,,317,157,160,141
01105120316,3,DysL,OPU,,,,741,331,410,267
01105120317,3,DysL,OPV,,,,659,314,345,273
01105120318,3,DysL,OPW,,,,1017,493,524,396
01105120319,3,DysL,OPX,,,,894,427,467,353
011051204,2,DysL,l,,,,5480,2541,2939,2126
01105120406,3,DysL,lU,,,,118,60,58,53
01105120407,3,DysL,lV,,,,331,159,172,164
01105120408,3,DysL,lW,,,,639,311,328,317
01105120409,3,DysL,lX,,,,615,299,316,237
01105120410,3,DysL,lPO,,,,769,325,444,263
01105120411,3,DysL,lPP,,,,73,35,38,22
01105120415,3,DysL,lPT,,,,183,56,127,36
01105120416,3,DysL,lPU,,,,552,262,290,219
01105120417,3,DysL,lPV,,,,860,385,475,308
01105120418,3,DysL,lPW,,,,940,463,477,357
01105120419,3,DysL,lPX,,,,400,186,214,150
011051205,2,DysL,܏,,,,6557,3169,3388,3080
01105120505,3,DysL,܏T,,,,246,119,127,113
01105120506,3,DysL,܏U,,,,349,183,166,164
01105120507,3,DysL,܏V,,,,369,175,194,215
01105120508,3,DysL,܏W,,,,341,178,163,185
01105120509,3,DysL,܏X,,,,370,190,180,226
01105120510,3,DysL,܏PO,,,,219,92,127,108
01105120511,3,DysL,܏PP,,,,379,196,183,202
01105120512,3,DysL,܏PQ,,,,594,290,304,253
01105120513,3,DysL,܏PR,,,,202,98,104,75
01105120514,3,DysL,܏PS,,,,395,192,203,177
01105120515,3,DysL,܏PT,,,,649,303,346,267
01105120516,3,DysL,܏PU,,,,553,264,289,247
01105120517,3,DysL,܏PV,,,,593,291,302,286
01105120518,3,DysL,܏PW,,,,851,394,457,383
01105120519,3,DysL,܏PX,,,,447,204,243,179
011051301,2,DysL,,,,,4974,2251,2723,2497
01105130102,3,DysL,Q,,,,332,136,196,129
01105130103,3,DysL,R,,,,401,175,226,188
01105130104,3,DysL,S,,,,434,208,226,231
01105130105,3,DysL,T,,,,121,61,60,48
01105130106,3,DysL,U,,,,385,172,213,198
01105130107,3,DysL,V,,,,650,277,373,294
01105130108,3,DysL,W,,,,751,349,402,417
01105130109,3,DysL,X,,,,578,257,321,274
01105130110,3,DysL,PO,,,,937,437,500,523
01105130111,3,DysL,PP,,,,385,179,206,195
011051302,2,DysL,,,,,1624,711,913,723
01105130204,3,DysL,S,,,,90,38,52,41
01105130205,3,DysL,T,,,,93,21,72,1
01105130206,3,DysL,U,,,,380,166,214,186
01105130207,3,DysL,V,,,,235,101,134,93
01105130208,3,DysL,W,,,,232,107,125,107
01105130209,3,DysL,X,,,,114,51,63,67
01105130210,3,DysL,PO,,,,480,227,253,228
011051303,2,DysL,O,,,,2575,1194,1381,1193
01105130304,3,DysL,OS,,,,2,1,1,1
01105130305,3,DysL,OT,,,,179,87,92,93
01105130306,3,DysL,OU,,,,578,261,317,269
01105130307,3,DysL,OV,,,,516,255,261,276
01105130308,3,DysL,OW,,,,168,66,102,77
01105130309,3,DysL,OX,,,,220,102,118,109
01105130310,3,DysL,OPO,,,,912,422,490,368
011051304,2,DysL,l,,,,1754,849,905,809
01105130405,3,DysL,lT,,,,309,154,155,150
01105130406,3,DysL,lU,,,,176,94,82,76
01105130407,3,DysL,lV,,,,303,141,162,138
01105130408,3,DysL,lW,,,,70,32,38,36
01105130409,3,DysL,lX,,,,553,252,301,231
01105130410,3,DysL,lPO,,,,343,176,167,178
011051305,2,DysL,܏,,,,915,430,485,265
01105130506,3,DysL,܏U,,,,141,71,70,59
01105130507,3,DysL,܏V,,,,187,85,102,66
01105130508,3,DysL,܏W,,,,376,177,199,55
01105130510,3,DysL,܏PO,,,,211,97,114,85
011051700,2,DysL,,,,,115,32,83,18
011052401,2,DysL,,,,,4081,1960,2121,1726
01105240102,3,DysL,Q,,,,42,21,21,17
01105240103,3,DysL,R,,,,556,282,274,227
01105240104,3,DysL,S,,,,368,163,205,149
01105240105,3,DysL,T,,,,443,212,231,190
01105240106,3,DysL,U,,,,414,203,211,161
01105240107,3,DysL,V,,,,46,20,26,18
01105240108,3,DysL,W,,,,195,98,97,90
01105240109,3,DysL,X,,,,851,414,437,408
01105240110,3,DysL,PO,,,,722,341,381,290
01105240111,3,DysL,PP,,,,444,206,238,176
011052402,2,DysL,,,,,5591,2638,2953,2318
01105240201,3,DysL,P,,,,651,307,344,283
01105240202,3,DysL,Q,,,,477,228,249,197
01105240203,3,DysL,R,,,,219,108,111,101
01105240204,3,DysL,S,,,,557,251,306,215
01105240205,3,DysL,T,,,,392,188,204,163
01105240206,3,DysL,U,,,,-,-,-,-
01105240207,3,DysL,V,,,,-,-,-,-
01105240208,3,DysL,W,,,,426,193,233,228
01105240209,3,DysL,X,,,,446,215,231,181
01105240210,3,DysL,PO,,,,512,237,275,194
01105240211,3,DysL,PP,,,,1092,514,578,438
01105240212,3,DysL,PQ,,,,190,95,95,63
01105240213,3,DysL,PR,,,,340,168,172,136
01105240214,3,DysL,PS,,,,289,134,155,119
011052403,2,DysL,O,,,,5288,2453,2835,2332
01105240301,3,DysL,OP,,,,692,301,391,310
01105240302,3,DysL,OQ,,,,668,277,391,314
01105240303,3,DysL,OR,,,,60,30,30,25
01105240304,3,DysL,OS,,,,438,226,212,225
01105240305,3,DysL,OT,,,,202,99,103,107
01105240306,3,DysL,OU,,,,135,59,76,62
01105240307,3,DysL,OV,,,,307,140,167,119
01105240308,3,DysL,OW,,,,519,237,282,218
01105240309,3,DysL,OX,,,,490,231,259,236
01105240310,3,DysL,OPO,,,,544,254,290,227
01105240311,3,DysL,OPP,,,,627,316,311,264
01105240312,3,DysL,OPQ,,,,55,23,32,17
01105240313,3,DysL,OPR,,,,551,260,291,208
011052404,2,DysL,l,,,,8366,3996,4370,3616
01105240401,3,DysL,lP,,,,670,317,353,310
01105240402,3,DysL,lQ,,,,821,379,442,373
01105240403,3,DysL,lR,,,,571,259,312,212
01105240404,3,DysL,lS,,,,592,255,337,190
01105240405,3,DysL,lT,,,,332,165,167,159
01105240406,3,DysL,lU,,,,523,245,278,228
01105240407,3,DysL,lV,,,,996,478,518,447
01105240408,3,DysL,lW,,,,670,371,299,392
01105240409,3,DysL,lX,,,,604,290,314,274
01105240410,3,DysL,lPO,,,,614,307,307,284
01105240411,3,DysL,lPP,,,,383,193,190,153
01105240412,3,DysL,lPQ,,,,159,73,86,54
01105240413,3,DysL,lPR,,,,639,299,340,226
01105240414,3,DysL,lPS,,,,792,365,427,314
011052405,2,DysL,܏,,,,4926,2288,2638,1961
01105240501,3,DysL,܏P,,,,838,374,464,377
01105240502,3,DysL,܏Q,,,,282,144,138,148
01105240503,3,DysL,܏R,,,,404,193,211,172
01105240511,3,DysL,܏PP,,,,912,429,483,349
01105240512,3,DysL,܏PQ,,,,528,211,317,177
01105240513,3,DysL,܏PR,,,,626,309,317,241
01105240514,3,DysL,܏PS,,,,919,417,502,373
01105240515,3,DysL,܏PT,,,,417,211,206,124
011052501,2,DysL,Z,,,,6206,2946,3260,2725
01105250101,3,DysL,ZP,,,,776,349,427,395
01105250102,3,DysL,ZQ,,,,1753,832,921,787
01105250103,3,DysL,ZR,,,,1242,570,672,526
01105250104,3,DysL,ZS,,,,412,202,210,195
01105250105,3,DysL,ZT,,,,344,167,177,151
01105250106,3,DysL,ZU,,,,342,158,184,137
01105250107,3,DysL,ZV,,,,576,289,287,202
01105250108,3,DysL,ZW,,,,384,197,187,171
01105250109,3,DysL,ZX,,,,377,182,195,161
011052502,2,DysL,Z,,,,4934,2231,2703,2027
01105250201,3,DysL,ZP,,,,488,224,264,231
01105250202,3,DysL,ZQ,,,,308,119,189,109
01105250203,3,DysL,ZR,,,,496,242,254,230
01105250204,3,DysL,ZS,,,,735,324,411,283
01105250205,3,DysL,ZT,,,,370,159,211,146
01105250206,3,DysL,ZU,,,,373,165,208,140
01105250207,3,DysL,ZV,,,,401,190,211,165
01105250208,3,DysL,ZW,,,,549,264,285,217
01105250209,3,DysL,ZX,,,,542,239,303,239
01105250210,3,DysL,ZPO,,,,462,207,255,177
01105250211,3,DysL,ZPP,,,,210,98,112,90
011052503,2,DysL,ZO,,,,4793,2238,2555,1948
01105250301,3,DysL,ZOP,,,,632,297,335,307
01105250302,3,DysL,ZOQ,,,,516,247,269,202
01105250303,3,DysL,ZOR,,,,378,147,231,147
01105250304,3,DysL,ZOS,,,,101,49,52,44
01105250305,3,DysL,ZOT,,,,252,121,131,108
01105250306,3,DysL,ZOU,,,,323,146,177,125
01105250307,3,DysL,ZOV,,,,718,342,376,312
01105250308,3,DysL,ZOW,,,,681,320,361,251
01105250309,3,DysL,ZOX,,,,160,78,82,62
01105250310,3,DysL,ZOPO,,,,350,171,179,132
01105250311,3,DysL,ZOPP,,,,185,84,101,69
01105250312,3,DysL,ZOPQ,,,,497,236,261,189
