KEY_CODE,HYOSYO,CITYNAME,NAME,HTKSYORI,HTKSAKI,GASSAN,T000572001,T000572002,T000572003,T000572004
,,,,,,,l,j,,ё
01223,1,s,,,,,29201,13883,15318,11897
012230010,2,s,kl,,,,113,43,70,55
01223001001,3,s,klP,,,,109,41,68,53
01223001002,3,s,klQ,,,,4,2,2,2
012230020,2,s,Օ,,,,408,172,236,180
01223002001,3,s,ՕP,,,,163,71,92,65
01223002002,3,s,ՕQ,,,,170,71,99,74
01223002003,3,s,ՕR,,,,75,30,45,41
012230030,2,s,Cݒ,,,,20,8,12,6
01223003001,3,s,CݒP,,,,-,-,-,-
01223003002,3,s,CݒQ,,,,20,8,12,6
012230040,2,s,ٓV,,,,307,147,160,131
01223004001,3,s,ٓVP,,,,155,77,78,68
01223004002,3,s,ٓVQ,,,,152,70,82,63
012230050,2,s,꒬,,,,2187,1011,1176,961
01223005001,3,s,꒬P,,,,426,192,234,235
01223005002,3,s,꒬Q,,,,1011,484,527,411
01223005003,3,s,꒬R,,,,750,335,415,315
012230060,2,s,,,,,340,160,180,147
01223006001,3,s,P,,,,77,41,36,33
01223006002,3,s,Q,,,,263,119,144,114
012230070,2,s,瓇,,,,465,203,262,214
01223007001,3,s,瓇P,,,,249,106,143,117
01223007002,3,s,瓇Q,,,,216,97,119,97
012230080,2,s,h,,,,258,131,127,125
01223008001,3,s,hP,,,,15,6,9,9
01223008002,3,s,hQ,,,,243,125,118,116
012230090,2,s,,,,,84,39,45,38
01223009001,3,s,P,,,,54,28,26,22
01223009002,3,s,Q,,,,30,11,19,16
012230100,2,s,,,,,1620,766,854,754
01223010001,3,s,P,,,,641,270,371,310
01223010002,3,s,Q,,,,641,341,300,309
01223010003,3,s,R,,,,338,155,183,135
012230110,2,s,,,,,383,184,199,182
01223011001,3,s,P,,,,99,47,52,47
01223011002,3,s,Q,,,,174,84,90,88
01223011003,3,s,R,,,,110,53,57,47
012230120,2,s,,,,,518,250,268,232
01223012001,3,s,󒬂P,,,,153,76,77,75
01223012002,3,s,󒬂Q,,,,212,103,109,93
01223012003,3,s,󒬂R,,,,153,71,82,64
012230130,2,s,L钬,,,,400,185,215,142
01223013001,3,s,L钬P,,,,87,53,34,40
01223013002,3,s,L钬Q,,,,313,132,181,102
012230140,2,s,,,,,210,100,110,94
01223014001,3,s,P,,,,36,17,19,19
01223014002,3,s,Q,,,,76,30,46,33
01223014003,3,s,R,,,,98,53,45,42
012230150,2,s,C,,,,214,98,116,88
01223015001,3,s,CP,,,,57,22,35,21
01223015002,3,s,CQ,,,,45,24,21,17
01223015003,3,s,CR,,,,62,29,33,26
01223015004,3,s,CS,,,,50,23,27,24
012230160,2,s,{,,,,209,90,119,100
01223016001,3,s,{P,,,,14,8,6,5
01223016002,3,s,{Q,,,,53,21,32,23
01223016003,3,s,{R,,,,46,17,29,24
01223016004,3,s,{S,,,,59,25,34,32
01223016005,3,s,{T,,,,37,19,18,16
012230170,2,s,ԍ璬,,,,94,41,53,36
01223017001,3,s,ԍ璬P,,,,17,10,7,5
01223017002,3,s,ԍ璬Q,,,,37,14,23,12
01223017003,3,s,ԍ璬R,,,,40,17,23,19
012230180,2,s,P},,,,159,63,96,62
01223018001,3,s,P}P,,,,26,14,12,10
01223018002,3,s,P}Q,,,,43,17,26,17
01223018003,3,s,P}R,,,,90,32,58,35
012230190,2,s,h,,,,143,70,73,68
01223019001,3,s,hP,,,,2,1,1,1
01223019002,3,s,hQ,,,,141,69,72,67
012230200,2,s,K,,,,450,236,214,203
01223020001,3,s,KP,,,,53,41,12,40
01223020002,3,s,KQ,,,,93,43,50,40
01223020003,3,s,KR,,,,304,152,152,123
012230210,2,s,吳,,,,323,162,161,151
01223021001,3,s,吳P,,,,67,42,25,35
01223021002,3,s,吳Q,,,,108,60,48,57
01223021003,3,s,吳R,,,,148,60,88,59
012230220,2,s,Ւ,,,,196,96,100,102
01223022001,3,s,ՒP,,,,8,3,5,4
01223022002,3,s,ՒQ,,,,119,56,63,55
01223022003,3,s,ՒR,,,,69,37,32,43
012230230,2,s,Β,,,,223,102,121,91
01223023001,3,s,ΒP,,,,76,39,37,25
01223023002,3,s,ΒQ,,,,72,28,44,35
01223023003,3,s,ΒR,,,,75,35,40,31
012230240,2,s,~P},,,,97,44,53,48
01223024001,3,s,~P}P,,,,34,14,20,19
01223024002,3,s,~P}Q,,,,45,22,23,19
01223024003,3,s,~P}R,,,,18,8,10,10
012230250,2,s,퐶,,,,205,96,109,117
01223025001,3,s,퐶P,,,,163,75,88,88
01223025002,3,s,퐶Q,,,,42,21,21,29
012230260,2,s,,,,,227,100,127,105
01223026001,3,s,P,,,,116,51,65,53
01223026002,3,s,Q,,,,47,24,23,25
01223026003,3,s,R,,,,64,25,39,27
012230270,2,s,a,,,,446,198,248,210
01223027001,3,s,aP,,,,109,46,63,46
01223027002,3,s,aQ,,,,148,72,76,80
01223027003,3,s,aR,,,,189,80,109,84
012230280,2,s,kl,,,,250,119,131,118
01223028001,3,s,klP,,,,69,34,35,31
01223028002,3,s,klQ,,,,92,41,51,47
01223028003,3,s,klR,,,,55,28,27,21
01223028004,3,s,klS,,,,34,16,18,19
012230290,2,s,,,,,301,154,147,145
01223029001,3,s,P,,,,80,37,43,35
01223029002,3,s,Q,,,,122,67,55,64
01223029003,3,s,R,,,,46,21,25,20
01223029004,3,s,S,,,,53,29,24,26
012230300,2,s,,,,,252,120,132,117
01223030001,3,s,P,,,,52,25,27,22
01223030002,3,s,Q,,,,91,42,49,41
01223030003,3,s,R,,,,49,25,24,22
01223030004,3,s,S,,,,34,15,19,16
01223030005,3,s,T,,,,26,13,13,16
012230310,2,s,,,,,303,122,181,120
01223031001,3,s,P,,,,87,40,47,35
01223031002,3,s,Q,,,,66,27,39,29
01223031003,3,s,R,,,,100,32,68,33
01223031004,3,s,S,,,,50,23,27,23
012230320,2,s,{,,,,296,132,164,126
01223032001,3,s,{P,,,,55,25,30,25
01223032002,3,s,{Q,,,,64,26,38,31
01223032003,3,s,{R,,,,72,30,42,29
01223032004,3,s,{S,,,,105,51,54,41
012230330,2,s,~,,,,246,147,99,133
01223033001,3,s,~P,,,,26,14,12,11
01223033002,3,s,~Q,,,,220,133,87,122
012230340,2,s,ԉ,,,,758,323,435,276
01223034001,3,s,ԉP,,,,72,34,38,30
01223034002,3,s,ԉQ,,,,62,29,33,24
01223034003,3,s,ԉR,,,,68,28,40,25
01223034004,3,s,ԉS,,,,119,42,77,12
01223034005,3,s,ԉT,,,,69,27,42,22
01223034006,3,s,ԉU,,,,95,44,51,42
01223034007,3,s,ԉV,,,,38,18,20,16
01223034008,3,s,ԉW,,,,110,47,63,43
01223034009,3,s,ԉX,,,,125,54,71,62
012230350,2,s,l,,,,2809,1353,1456,1154
01223035001,3,s,lP,,,,435,219,216,178
01223035002,3,s,lQ,,,,187,96,91,99
01223035003,3,s,lR,,,,776,380,396,304
01223035004,3,s,lS,,,,465,218,247,209
01223035005,3,s,lT,,,,259,111,148,74
01223035006,3,s,lU,,,,9,4,5,2
01223035007,3,s,lV,,,,211,104,107,81
01223035008,3,s,lW,,,,225,106,119,102
01223035009,3,s,lX,,,,75,41,34,33
01223035010,3,s,lPO,,,,167,74,93,72
012230360,2,s,,,,,452,212,240,124
01223036001,3,s,P,,,,315,156,159,118
01223036002,3,s,Q,,,,137,56,81,6
012230370,2,s,ђ,,,,2073,990,1083,830
01223037001,3,s,ђP,,,,317,155,162,145
01223037002,3,s,ђQ,,,,477,224,253,197
01223037003,3,s,ђR,,,,240,113,127,99
01223037004,3,s,ђS,,,,918,440,478,342
01223037005,3,s,ђT,,,,121,58,63,47
012230380,2,s,a,,,,2051,1001,1050,867
01223038001,3,s,aP,,,,328,133,195,134
01223038002,3,s,aQ,,,,485,247,238,217
01223038003,3,s,aR,,,,335,173,162,144
01223038004,3,s,aS,,,,903,448,455,372
012230390,2,s,m,,,,3272,1546,1726,1386
01223039001,3,s,mP,,,,662,300,362,266
01223039002,3,s,mQ,,,,851,400,451,377
01223039003,3,s,mR,,,,890,415,475,411
01223039004,3,s,mS,,,,868,431,437,331
01223039005,3,s,mT,,,,1,-,1,1
012230400,2,s,q̓,,,,155,89,66,71
012230410,2,s,j,,,,148,80,68,48
012230420,2,s,ԍ`,,,,660,303,357,275
012230430,2,s,䍁,,,,156,73,83,49
012230440,2,s,yΐK,,,,156,78,78,48
012230450,2,s,,,,,138,62,76,47
012230460,2,s,~,,,,185,92,93,46
012230470,2,s,ac,,,,76,37,39,25
012230480,2,s,ac,,,,102,42,60,35
012230490,2,s,,,,,106,49,57,30
012230500,2,s,l,,,,109,52,57,23
012230510,2,s,z,,,,231,119,112,65
012230520,2,s,Γ,,,,195,93,102,65
012230530,2,s,ΐ,,,,304,132,172,114
012230540,2,s,ʓ,,,,61,31,30,28
012230550,2,s,c,,,,52,29,23,17
012230560,2,s,,,,,327,167,160,139
01223056001,3,s,P,,,,138,72,66,71
01223056002,3,s,Q,,,,189,95,94,68
012230570,2,s,,,,,30,13,17,8
012230580,2,s,,,,,45,21,24,15
012230590,2,s,,,,,20,9,11,10
012230600,2,s,Γ,,,,76,38,38,28
012230610,2,s,,,,,33,16,17,10
012230620,2,s,z,,,,12,8,4,4
012230630,2,s,,,,,48,26,22,12
012230640,2,s,Fm,,,,298,154,144,73
012230650,2,s,o,,,,261,124,137,70
01223065001,3,s,oP,,,,196,90,106,54
01223065002,3,s,oQ,,,,65,34,31,16
012230660,2,s,,,,,870,426,444,260
01223066001,3,s,P,,,,81,31,50,16
01223066002,3,s,Q,,,,215,111,104,56
01223066003,3,s,R,,,,183,91,92,75
01223066004,3,s,S,,,,162,84,78,48
01223066005,3,s,T,,,,229,109,120,65
012230670,2,s,,,,,543,281,262,140
01223067001,3,s,P,,,,76,37,39,23
01223067002,3,s,Q,,,,313,161,152,77
01223067003,3,s,R,,,,154,83,71,40
012230680,2,s,[z,,,,144,67,77,34
012230690,2,s,,,,,230,120,110,51
012230700,2,s,L,,,,68,38,30,19
012230710,2,s,t,,,,-,-,-,-
012230720,2,s,ٓV,,,,-,-,-,-
012230730,2,s,A,,,,-,-,-,-
012230740,2,s,`,,,,-,-,-,-
012230750,2,s,ԍ`,,,,-,-,-,-
