KEY_CODE,HYOSYO,CITYNAME,NAME,HTKSYORI,HTKSAKI,GASSAN,T000572001,T000572002,T000572003,T000572004
,,,,,,,l,j,,ё
01215,1,Ss,,,,,26034,12215,13819,10992
012150010,2,Ss,ʐk,,,,128,49,79,40
01215001001,3,Ss,ʐkP,,,,59,18,41,6
01215001002,3,Ss,ʐkQ,,,,28,16,12,12
01215001003,3,Ss,ʐkR,,,,20,6,14,11
01215001004,3,Ss,ʐkS,,,,21,9,12,11
012150020,2,Ss,k,,,,277,131,146,134
01215002001,3,Ss,kP,,,,36,15,21,17
01215002002,3,Ss,kQ,,,,36,19,17,21
01215002003,3,Ss,kR,,,,53,23,30,24
01215002004,3,Ss,kS,,,,13,6,7,5
01215002005,3,Ss,kT,,,,33,13,20,13
01215002006,3,Ss,kU,,,,19,9,10,10
01215002007,3,Ss,kV,,,,64,33,31,36
01215002008,3,Ss,kW,,,,6,2,4,2
01215002009,3,Ss,kX,,,,17,11,6,6
012150030,2,Ss,k,,,,752,334,418,329
01215003001,3,Ss,kP,,,,104,41,63,34
01215003002,3,Ss,kQ,,,,227,108,119,112
01215003003,3,Ss,kR,,,,134,62,72,53
01215003004,3,Ss,kS,,,,-,-,-,-
01215003005,3,Ss,kT,,,,189,81,108,85
01215003006,3,Ss,kU,,,,61,26,35,32
01215003007,3,Ss,kV,,,,33,15,18,12
01215003008,3,Ss,kW,,,,4,1,3,1
01215003009,3,Ss,kX,,,,-,-,-,-
012150040,2,Ss,Ok,,,,1079,495,584,456
01215004001,3,Ss,OkP,,,,85,34,51,42
01215004002,3,Ss,OkQ,,,,115,53,62,55
01215004003,3,Ss,OkR,,,,146,75,71,53
01215004004,3,Ss,OkS,,,,77,38,39,27
01215004005,3,Ss,OkT,,,,162,70,92,73
01215004006,3,Ss,OkU,,,,244,107,137,102
01215004007,3,Ss,OkV,,,,219,104,115,92
01215004008,3,Ss,OkW,,,,31,14,17,12
01215004009,3,Ss,OkX,,,,-,-,-,-
012150050,2,Ss,lk,,,,1081,495,586,483
01215005001,3,Ss,lkP,,,,67,30,37,31
01215005002,3,Ss,lkQ,,,,32,14,18,14
01215005003,3,Ss,lkR,,,,278,130,148,107
01215005004,3,Ss,lkS,,,,154,77,77,72
01215005005,3,Ss,lkT,,,,36,15,21,18
01215005006,3,Ss,lkU,,,,276,123,153,131
01215005007,3,Ss,lkV,,,,235,105,130,109
01215005008,3,Ss,lkW,,,,3,1,2,1
01215005009,3,Ss,lkX,,,,-,-,-,-
012150060,2,Ss,܏k,,,,174,77,97,71
01215006001,3,Ss,܏kP,,,,44,16,28,19
01215006002,3,Ss,܏kQ,,,,29,12,17,11
01215006003,3,Ss,܏kR,,,,23,11,12,7
01215006004,3,Ss,܏kS,,,,50,25,25,22
01215006005,3,Ss,܏kT,,,,19,9,10,7
01215006006,3,Ss,܏kU,,,,5,2,3,3
01215006007,3,Ss,܏kV,,,,4,2,2,2
012150070,2,Ss,ʐ,,,,242,110,132,139
01215007001,3,Ss,ʐP,,,,20,7,13,11
01215007002,3,Ss,ʐQ,,,,15,5,10,8
01215007003,3,Ss,ʐR,,,,24,10,14,14
01215007004,3,Ss,ʐS,,,,45,21,24,25
01215007005,3,Ss,ʐT,,,,62,31,31,44
01215007006,3,Ss,ʐU,,,,57,28,29,29
01215007007,3,Ss,ʐV,,,,19,8,11,8
012150080,2,Ss,,,,,344,170,174,179
01215008001,3,Ss,P,,,,25,12,13,11
01215008002,3,Ss,Q,,,,39,21,18,18
01215008003,3,Ss,R,,,,54,23,31,30
01215008004,3,Ss,S,,,,62,28,34,33
01215008005,3,Ss,T,,,,62,33,29,43
01215008006,3,Ss,U,,,,35,19,16,17
01215008007,3,Ss,V,,,,67,34,33,27
012150090,2,Ss,,,,,693,334,359,313
01215009001,3,Ss,P,,,,-,-,-,-
01215009002,3,Ss,Q,,,,51,22,29,23
01215009003,3,Ss,R,,,,92,44,48,53
01215009004,3,Ss,S,,,,202,93,109,80
01215009005,3,Ss,T,,,,162,89,73,72
01215009006,3,Ss,U,,,,50,22,28,24
01215009007,3,Ss,V,,,,136,64,72,61
012150100,2,Ss,O,,,,614,274,340,282
01215010001,3,Ss,OP,,,,13,7,6,7
01215010002,3,Ss,OQ,,,,37,18,19,21
01215010003,3,Ss,OR,,,,97,39,58,48
01215010004,3,Ss,OS,,,,161,66,95,60
01215010005,3,Ss,OT,,,,130,61,69,52
01215010006,3,Ss,OU,,,,134,65,69,72
01215010007,3,Ss,OV,,,,42,18,24,22
012150110,2,Ss,l,,,,836,443,393,432
01215011001,3,Ss,lP,,,,71,27,44,50
01215011002,3,Ss,lQ,,,,208,131,77,163
01215011003,3,Ss,lR,,,,116,59,57,50
01215011004,3,Ss,lS,,,,67,37,30,26
01215011005,3,Ss,lT,,,,90,40,50,29
01215011006,3,Ss,lU,,,,100,45,55,38
01215011007,3,Ss,lV,,,,184,104,80,76
012150120,2,Ss,܏,,,,109,47,62,51
01215012001,3,Ss,܏P,,,,73,29,44,33
01215012003,3,Ss,܏R,,,,36,18,18,18
01215012004,3,Ss,܏S,,,,-,-,-,-
012150130,2,Ss,ʓk,,,,182,75,107,54
01215013001,3,Ss,ʓkP,,,,40,23,17,24
01215013002,3,Ss,ʓkQ,,,,90,32,58,3
01215013003,3,Ss,ʓkR,,,,43,16,27,23
01215013004,3,Ss,ʓkS,,,,9,4,5,4
012150140,2,Ss,k,,,,225,109,116,106
01215014001,3,Ss,kP,,,,15,7,8,6
01215014002,3,Ss,kQ,,,,12,7,5,6
01215014003,3,Ss,kR,,,,81,37,44,39
01215014004,3,Ss,kS,,,,30,19,11,17
01215014005,3,Ss,kT,,,,33,15,18,15
01215014006,3,Ss,kU,,,,1,-,1,1
01215014007,3,Ss,kV,,,,28,14,14,15
01215014008,3,Ss,kW,,,,8,2,6,2
01215014009,3,Ss,kX,,,,17,8,9,5
012150150,2,Ss,k,,,,285,129,156,142
01215015001,3,Ss,kP,,,,107,45,62,60
01215015002,3,Ss,kQ,,,,65,29,36,35
01215015003,3,Ss,kR,,,,68,35,33,29
01215015004,3,Ss,kS,,,,10,5,5,5
01215015005,3,Ss,kT,,,,29,11,18,11
01215015006,3,Ss,kU,,,,-,-,-,-
01215015007,3,Ss,kV,,,,6,4,2,2
01215015008,3,Ss,kW,,,,-,-,-,-
01215015009,3,Ss,kX,,,,-,-,-,-
012150160,2,Ss,Ok,,,,920,422,498,389
01215016001,3,Ss,OkP,,,,177,85,92,84
01215016002,3,Ss,OkQ,,,,126,48,78,75
01215016003,3,Ss,OkR,,,,170,83,87,69
01215016004,3,Ss,OkS,,,,38,13,25,14
01215016005,3,Ss,OkT,,,,59,28,31,25
01215016006,3,Ss,OkU,,,,207,97,110,72
01215016007,3,Ss,OkV,,,,143,68,75,50
01215016008,3,Ss,OkW,,,,-,-,-,-
01215016009,3,Ss,OkX,,,,-,-,-,-
012150170,2,Ss,lk,,,,1370,621,749,600
01215017001,3,Ss,lkP,,,,111,47,64,49
01215017002,3,Ss,lkQ,,,,111,50,61,50
01215017003,3,Ss,lkR,,,,289,135,154,118
01215017004,3,Ss,lkS,,,,83,43,40,29
01215017005,3,Ss,lkT,,,,176,80,96,78
01215017006,3,Ss,lkU,,,,200,77,123,121
01215017007,3,Ss,lkV,,,,23,9,14,10
01215017008,3,Ss,lkW,,,,331,157,174,123
01215017009,3,Ss,lkX,,,,46,23,23,22
012150180,2,Ss,܏k,,,,753,357,396,316
01215018001,3,Ss,܏kP,,,,54,26,28,30
01215018002,3,Ss,܏kQ,,,,136,66,70,57
01215018003,3,Ss,܏kR,,,,142,69,73,55
01215018004,3,Ss,܏kS,,,,196,88,108,77
01215018005,3,Ss,܏kT,,,,17,9,8,8
01215018006,3,Ss,܏kU,,,,148,73,75,54
01215018007,3,Ss,܏kV,,,,46,18,28,29
01215018008,3,Ss,܏kW,,,,12,7,5,5
01215018009,3,Ss,܏kX,,,,2,1,1,1
01215018010,3,Ss,܏kPO,,,,-,-,-,-
01215018011,3,Ss,܏kPP,,,,-,-,-,-
012150190,2,Ss,Zk,,,,547,216,331,205
01215019001,3,Ss,ZkP,,,,166,76,90,83
01215019002,3,Ss,ZkQ,,,,97,9,88,9
01215019003,3,Ss,ZkR,,,,83,35,48,33
01215019004,3,Ss,ZkS,,,,156,76,80,61
01215019005,3,Ss,ZkT,,,,21,8,13,11
01215019006,3,Ss,ZkU,,,,-,-,-,-
01215019007,3,Ss,ZkV,,,,22,11,11,7
01215019008,3,Ss,ZkW,,,,2,1,1,1
01215019009,3,Ss,ZkX,,,,-,-,-,-
01215019010,3,Ss,ZkPO,,,,-,-,-,-
01215019011,3,Ss,ZkPP,,,,-,-,-,-
012150200,2,Ss,k,,,,463,217,246,192
01215020001,3,Ss,kP,,,,27,15,12,14
01215020002,3,Ss,kQ,,,,1,-,1,1
01215020003,3,Ss,kR,,,,7,4,3,3
01215020004,3,Ss,kS,,,,170,78,92,67
01215020005,3,Ss,kT,,,,42,17,25,21
01215020006,3,Ss,kU,,,,21,11,10,9
01215020007,3,Ss,kV,,,,187,88,99,74
01215020008,3,Ss,kW,,,,-,-,-,-
01215020009,3,Ss,kX,,,,8,4,4,3
01215020010,3,Ss,kPO,,,,-,-,-,-
012150210,2,Ss,k,,,,186,81,105,75
01215021001,3,Ss,kP,,,,40,22,18,17
01215021002,3,Ss,kQ,,,,20,9,11,5
01215021003,3,Ss,kR,,,,4,-,4,4
01215021004,3,Ss,kS,,,,15,7,8,5
01215021005,3,Ss,kT,,,,-,-,-,-
01215021006,3,Ss,kU,,,,9,4,5,5
01215021007,3,Ss,kV,,,,49,16,33,19
01215021008,3,Ss,kW,,,,49,23,26,20
012150220,2,Ss,ʓ,,,,229,119,110,114
01215022001,3,Ss,ʓP,,,,24,10,14,9
01215022002,3,Ss,ʓQ,,,,8,4,4,5
01215022003,3,Ss,ʓR,,,,15,8,7,9
01215022004,3,Ss,ʓS,,,,19,10,9,8
01215022005,3,Ss,ʓT,,,,35,18,17,17
01215022006,3,Ss,ʓU,,,,63,35,28,33
01215022007,3,Ss,ʓV,,,,65,34,31,33
012150230,2,Ss,,,,,166,82,84,97
01215023001,3,Ss,P,,,,19,7,12,7
01215023002,3,Ss,Q,,,,12,2,10,3
01215023003,3,Ss,R,,,,24,13,11,17
01215023004,3,Ss,S,,,,32,16,16,21
01215023005,3,Ss,T,,,,8,4,4,3
01215023006,3,Ss,U,,,,23,16,7,20
01215023007,3,Ss,V,,,,48,24,24,26
012150240,2,Ss,,,,,712,325,387,327
01215024001,3,Ss,P,,,,26,7,19,14
01215024002,3,Ss,Q,,,,27,14,13,13
01215024003,3,Ss,R,,,,151,70,81,77
01215024004,3,Ss,S,,,,63,27,36,35
01215024005,3,Ss,T,,,,166,83,83,70
01215024006,3,Ss,U,,,,210,97,113,83
01215024007,3,Ss,V,,,,69,27,42,35
012150250,2,Ss,O,,,,1028,480,548,465
01215025001,3,Ss,OP,,,,111,45,66,76
01215025002,3,Ss,OQ,,,,125,64,61,55
01215025003,3,Ss,OR,,,,116,53,63,62
01215025004,3,Ss,OS,,,,98,45,53,42
01215025005,3,Ss,OT,,,,109,51,58,43
01215025006,3,Ss,OU,,,,341,160,181,138
01215025007,3,Ss,OV,,,,128,62,66,49
012150260,2,Ss,l,,,,1591,683,908,722
01215026001,3,Ss,lP,,,,156,78,78,70
01215026003,3,Ss,lR,,,,63,29,34,26
01215026004,3,Ss,lS,,,,323,133,190,147
01215026005,3,Ss,lT,,,,379,138,241,195
01215026006,3,Ss,lU,,,,611,276,335,257
01215026007,3,Ss,lV,,,,59,29,30,27
012150270,2,Ss,܏,,,,677,312,365,244
01215027001,3,Ss,܏P,,,,99,53,46,48
01215027002,3,Ss,܏Q,,,,96,49,47,40
01215027003,3,Ss,܏R,,,,34,16,18,18
01215027004,3,Ss,܏S,,,,79,38,41,27
01215027005,3,Ss,܏T,,,,116,53,63,46
01215027006,3,Ss,܏U,,,,170,79,91,60
01215027007,3,Ss,܏V,,,,83,24,59,5
012150280,2,Ss,Z,,,,679,303,376,296
01215028001,3,Ss,ZP,,,,180,82,98,91
01215028002,3,Ss,ZQ,,,,183,81,102,80
01215028003,3,Ss,ZR,,,,228,99,129,99
01215028004,3,Ss,ZS,,,,70,35,35,20
01215028005,3,Ss,ZT,,,,11,3,8,3
01215028006,3,Ss,ZU,,,,7,3,4,3
012150290,2,Ss,,,,,524,279,245,92
01215029001,3,Ss,P,,,,55,23,32,25
01215029002,3,Ss,Q,,,,324,179,145,34
01215029003,3,Ss,R,,,,86,38,48,21
01215029004,3,Ss,S,,,,53,36,17,9
01215029005,3,Ss,T,,,,2,1,1,1
01215029006,3,Ss,U,,,,4,2,2,2
012150300,2,Ss,,,,,71,40,31,30
012150310,2,Ss,S,,,,108,51,57,40
01215031002,3,Ss,SQ,,,,62,27,35,23
01215031003,3,Ss,SR,,,,46,24,22,17
012150320,2,Ss,i,,,,867,409,458,373
01215032001,3,Ss,iP,,,,304,133,171,140
01215032002,3,Ss,iQ,,,,78,37,41,29
01215032003,3,Ss,iR,,,,134,76,58,54
01215032004,3,Ss,i,,,,315,145,170,133
01215032005,3,Ss,i,,,,36,18,18,17
012150330,2,Ss,ᡖ,,,,130,63,67,50
01215033001,3,Ss,ᡖP,,,,56,28,28,23
01215033002,3,Ss,ᡖQ,,,,49,22,27,17
01215033003,3,Ss,ᡖR,,,,20,11,9,7
01215033004,3,Ss,ᡖzS,,,,5,2,3,3
012150340,2,Ss,̓,,,,217,103,114,71
01215034001,3,Ss,̓,,,,12,5,7,4
01215034002,3,Ss,̓,,,,62,29,33,24
01215034003,3,Ss,̓,,,,49,25,24,18
01215034004,3,Ss,̓k,,,,94,44,50,25
012150350,2,Ss,,,,,223,119,104,114
01215035001,3,Ss,P,,,,9,6,3,4
01215035002,3,Ss,Q,,,,69,37,32,44
01215035003,3,Ss,R,,,,145,76,69,66
012150360,2,Ss,,,,,127,64,63,65
01215036001,3,Ss,P,,,,34,16,18,16
01215036002,3,Ss,Q,,,,82,43,39,44
01215036003,3,Ss,R,,,,11,5,6,5
012150370,2,Ss,O,,,,224,105,119,100
01215037001,3,Ss,OP,,,,110,50,60,50
01215037002,3,Ss,OQ,,,,37,16,21,15
01215037003,3,Ss,OR,,,,77,39,38,35
012150380,2,Ss,l,,,,195,82,113,108
01215038001,3,Ss,lP,,,,95,36,59,52
01215038002,3,Ss,lQ,,,,19,8,11,12
01215038003,3,Ss,lR,,,,81,38,43,44
012150390,2,Ss,܏,,,,125,56,69,67
01215039001,3,Ss,܏P,,,,87,38,49,46
01215039002,3,Ss,܏Q,,,,38,18,20,21
012150400,2,Ss,,,,,11,5,6,4
01215040002,3,Ss,Q,,,,5,2,3,2
01215040003,3,Ss,R,,,,3,2,1,1
01215040005,3,Ss,T,,,,3,1,2,1
012150410,2,Ss,,,,,213,102,111,101
01215041001,3,Ss,h,,,,63,28,35,25
01215041002,3,Ss,{,,,,53,26,27,26
01215041003,3,Ss,΃u,,,,14,6,8,9
01215041004,3,Ss,Zg,,,,34,17,17,18
01215041005,3,Ss,,,,,49,25,24,23
012150420,2,Ss,Ղ̑,,,,42,21,21,22
01215042001,3,Ss,Ղ̑򒬖{,,,,29,14,15,17
01215042002,3,Ss,Ղ̑򒬍,,,,8,5,3,3
01215042003,3,Ss,Ղ̑򒬍u,,,,-,-,-,-
01215042004,3,Ss,Ղ̑򒬑̏,,,,5,2,3,2
012150430,2,Ss,S,,,,2145,1030,1115,1015
012150440,2,Ss,,,,,697,369,328,273
01215044001,3,Ss,P,,,,28,15,13,11
01215044002,3,Ss,Q,,,,42,18,24,15
01215044003,3,Ss,R,,,,48,24,24,16
01215044004,3,Ss,S,,,,33,17,16,10
01215044005,3,Ss,,,,,100,51,49,39
01215044006,3,Ss,k,,,,209,116,93,104
01215044007,3,Ss,R,,,,96,59,37,30
01215044008,3,Ss,㒆̑,,,,49,25,24,19
01215044009,3,Ss,̑,,,,69,35,34,20
01215044010,3,Ss,k,,,,23,9,14,9
012150450,2,Ss,􉄒,,,,1122,510,612,384
01215045001,3,Ss,􉄒{,,,,626,297,329,250
01215045002,3,Ss,􉄒,,,,244,85,159,45
01215045003,3,Ss,􉄒,,,,72,36,36,30
01215045004,3,Ss,􉄒􊒂P,,,,62,32,30,21
01215045005,3,Ss,􉄒􊒂Q,,,,48,26,22,20
01215045006,3,Ss,􉄒􊒂R,,,,70,34,36,18
012150460,2,Ss,L,,,,243,119,124,70
01215046001,3,Ss,LP,,,,70,36,34,20
01215046002,3,Ss,LQ,,,,40,21,19,12
01215046003,3,Ss,LR,,,,71,32,39,21
01215046004,3,Ss,LS,,,,62,30,32,17
012150470,2,Ss,J,,,,249,119,130,72
01215047001,3,Ss,J,,,,126,63,63,36
01215047002,3,Ss,Jk,,,,14,5,9,5
01215047003,3,Ss,J,,,,96,45,51,26
01215047004,3,Ss,Jea,,,,13,6,7,5
012150480,2,Ss,S,,,,385,192,193,110
01215048001,3,Ss,SP,,,,42,21,21,14
01215048002,3,Ss,SQ,,,,76,35,41,23
01215048003,3,Ss,S̒[,,,,47,22,25,13
01215048004,3,Ss,S,,,,47,24,23,12
01215048005,3,Ss,S,,,,90,48,42,26
01215048006,3,Ss,S,,,,83,42,41,22
012150490,2,Ss,S,,,,435,214,221,128
01215049001,3,Ss,SP,,,,17,7,10,6
01215049002,3,Ss,SQ,,,,17,8,9,4
01215049003,3,Ss,SR,,,,-,-,-,-
01215049004,3,Ss,SS,,,,37,19,18,8
01215049005,3,Ss,Sx,,,,48,24,24,15
01215049006,3,Ss,SR`P,,,,25,14,11,9
01215049007,3,Ss,SR`Q,,,,37,17,20,9
01215049008,3,Ss,SR`R,,,,37,16,21,13
01215049009,3,Ss,SȂP,,,,40,19,21,12
01215049010,3,Ss,SȂQ,,,,38,18,20,13
01215049011,3,Ss,SȂR,,,,51,26,25,14
01215049012,3,Ss,Sx~P,,,,13,8,5,5
01215049013,3,Ss,Sx~Q,,,,75,38,37,20
012150500,2,Ss,,,,,286,166,120,67
01215050001,3,Ss,{,,,,27,17,10,11
01215050002,3,Ss,h,,,,55,31,24,24
01215050003,3,Ss,Zg,,,,-,-,-,-
01215050004,3,Ss,x̋,,,,50,19,31,31
01215050005,3,Ss,t,,,,154,99,55,1
012150510,2,Ss,u,,,,670,322,348,260
01215051001,3,Ss,uP,,,,176,86,90,60
01215051002,3,Ss,uQ,,,,204,96,108,81
01215051003,3,Ss,uR,,,,118,58,60,41
01215051004,3,Ss,u{,,,,137,66,71,68
01215051005,3,Ss,ua,,,,35,16,19,10
012150520,2,Ss,,,,,264,128,136,80
01215052001,3,Ss,,,,,69,29,40,17
01215052002,3,Ss,,,,,96,49,47,30
01215052003,3,Ss,k,,,,99,50,49,33
012150530,2,Ss,kS,,,,67,33,34,15
01215053001,3,Ss,kSP,,,,35,15,20,7
01215053002,3,Ss,kSQ,,,,32,18,14,8
012150540,2,Ss,,,,,27,10,17,15
012150550,2,Ss,H,,,,25,14,11,13
01215055001,3,Ss,HP,,,,4,3,1,1
01215055002,3,Ss,HQ,,,,-,-,-,-
01215055003,3,Ss,HR,,,,6,3,3,4
01215055004,3,Ss,HS,,,,-,-,-,-
01215055005,3,Ss,He,,,,8,4,4,3
01215055006,3,Ss,HV,,,,4,2,2,3
01215055007,3,Ss,Hʂ,,,,3,2,1,2
012150560,2,Ss,S,,,,-,-,-,-
