KEY_CODE,HYOSYO,CITYNAME,NAME,HTKSYORI,HTKSAKI,GASSAN,T000572001,T000572002,T000572003,T000572004
,,,,,,,l,j,,ё
01224,1,Ύs,,,,,93604,47836,45768,38541
012240010,2,Ύs,{,,,,787,403,384,406
01224001001,3,Ύs,{P,,,,183,94,89,128
01224001002,3,Ύs,{Q,,,,78,32,46,34
01224001003,3,Ύs,{R,,,,27,13,14,13
01224001004,3,Ύs,{S,,,,231,116,115,97
01224001005,3,Ύs,{T,,,,268,148,120,134
012240020,2,Ύs,_,,,,699,351,348,385
01224002001,3,Ύs,_P,,,,46,25,21,22
01224002002,3,Ύs,_Q,,,,121,58,63,67
01224002003,3,Ύs,_R,,,,153,79,74,116
01224002004,3,Ύs,_S,,,,178,90,88,76
01224002005,3,Ύs,_T,,,,201,99,102,104
012240030,2,Ύs,,,,,899,479,420,498
01224003001,3,Ύs,P,,,,71,37,34,43
01224003002,3,Ύs,Q,,,,92,53,39,50
01224003003,3,Ύs,R,,,,133,71,62,77
01224003004,3,Ύs,S,,,,192,99,93,102
01224003005,3,Ύs,T,,,,165,91,74,107
01224003006,3,Ύs,U,,,,22,13,9,11
01224003007,3,Ύs,V,,,,105,54,51,40
01224003008,3,Ύs,W,,,,119,61,58,68
012240040,2,Ύs,,,,,774,355,419,485
01224004001,3,Ύs,P,,,,33,15,18,14
01224004002,3,Ύs,Q,,,,42,17,25,18
01224004003,3,Ύs,R,,,,270,141,129,170
01224004004,3,Ύs,S,,,,117,56,61,61
01224004005,3,Ύs,T,,,,204,67,137,155
01224004006,3,Ύs,U,,,,108,59,49,67
01224004007,3,Ύs,V,,,,-,-,-,-
012240050,2,Ύs,K,,,,759,408,351,548
01224005001,3,Ύs,KP,,,,190,95,95,171
01224005002,3,Ύs,KQ,,,,64,41,23,39
01224005003,3,Ύs,KR,,,,26,11,15,12
01224005004,3,Ύs,KS,,,,20,13,7,15
01224005005,3,Ύs,KT,,,,137,68,69,83
01224005006,3,Ύs,KU,,,,322,180,142,228
012240060,2,Ύs,c,,,,360,171,189,243
01224006001,3,Ύs,cP,,,,46,21,25,17
01224006002,3,Ύs,cQ,,,,19,9,10,9
01224006003,3,Ύs,cR,,,,32,14,18,19
01224006004,3,Ύs,cS,,,,47,31,16,31
01224006005,3,Ύs,cT,,,,39,15,24,18
01224006006,3,Ύs,cU,,,,177,81,96,149
01224006007,3,Ύs,cV,,,,-,-,-,-
012240070,2,Ύs,h,,,,1059,509,550,591
01224007001,3,Ύs,hP,,,,190,89,101,104
01224007002,3,Ύs,hQ,,,,184,94,90,97
01224007003,3,Ύs,hR,,,,304,154,150,150
01224007004,3,Ύs,hS,,,,288,127,161,198
01224007005,3,Ύs,hT,,,,84,40,44,37
01224007006,3,Ύs,hU,,,,9,5,4,5
01224007007,3,Ύs,hV,,,,-,-,-,-
012240080,2,Ύs,ђ,,,,398,207,191,218
01224008001,3,Ύs,ђP,,,,127,64,63,81
01224008002,3,Ύs,ђQ,,,,93,54,39,53
01224008003,3,Ύs,ђR,,,,62,32,30,27
01224008004,3,Ύs,ђS,,,,116,57,59,57
012240090,2,Ύs,t,,,,1672,885,787,865
01224009001,3,Ύs,tP,,,,253,129,124,132
01224009002,3,Ύs,tQ,,,,573,323,250,319
01224009003,3,Ύs,tR,,,,378,193,185,198
01224009004,3,Ύs,tS,,,,321,174,147,148
01224009005,3,Ύs,tT,,,,147,66,81,68
012240100,2,Ύs,Β,,,,858,403,455,398
01224010001,3,Ύs,ΒP,,,,223,100,123,110
01224010002,3,Ύs,ΒQ,,,,110,44,66,54
01224010003,3,Ύs,ΒR,,,,165,81,84,84
01224010004,3,Ύs,ΒS,,,,128,64,64,51
01224010005,3,Ύs,ΒT,,,,232,114,118,99
012240110,2,Ύs,^Xn,,,,1104,604,500,465
01224011001,3,Ύs,^XnP,,,,370,203,167,177
01224011002,3,Ύs,^XnQ,,,,296,175,121,139
01224011003,3,Ύs,^XnR,,,,-,-,-,-
01224011004,3,Ύs,^XnS,,,,438,226,212,149
012240120,2,Ύs,a,,,,1619,791,828,725
01224012001,3,Ύs,aP,,,,414,209,205,204
01224012002,3,Ύs,aQ,,,,332,177,155,181
01224012003,3,Ύs,aR,,,,300,135,165,140
01224012004,3,Ύs,aS,,,,573,270,303,200
012240130,2,Ύs,kh,,,,1732,892,840,872
01224013001,3,Ύs,khP,,,,987,524,463,502
01224013002,3,Ύs,khQ,,,,745,368,377,370
012240140,2,Ύs,^,,,,2,1,1,1
012240150,2,Ύs,tu,,,,15,10,5,8
012240160,2,Ύs,̏ou,,,,4,2,2,3
012240170,2,Ύs,a,,,,1334,970,364,250
012240181,2,Ύs,,,,,-,-,-,-
01224018101,3,Ύs,P,,,,-,-,-,-
01224018102,3,Ύs,Q,,,,-,-,-,-
012240182,2,Ύs,,,,,-,-,-,-
012240190,2,Ύs,Vx,,,,4001,1943,2058,1758
01224019001,3,Ύs,VxP,,,,1747,913,834,733
01224019002,3,Ύs,VxQ,,,,1378,658,720,647
01224019003,3,Ύs,VxR,,,,876,372,504,378
012240200,2,Ύs,MZ,,,,3339,1736,1603,1579
01224020001,3,Ύs,MZP,,,,393,214,179,222
01224020002,3,Ύs,MZQ,,,,1047,514,533,450
01224020003,3,Ύs,MZR,,,,1080,570,510,500
01224020004,3,Ύs,MZS,,,,819,438,381,407
012240210,2,Ύs,xm,,,,1593,795,798,702
01224021001,3,Ύs,xmP,,,,-,-,-,-
01224021002,3,Ύs,xmQ,,,,415,205,210,179
01224021003,3,Ύs,xmR,,,,446,222,224,220
01224021004,3,Ύs,xmS,,,,732,368,364,303
012240220,2,Ύs,k,,,,2038,1002,1036,800
01224022001,3,Ύs,kP,,,,288,137,151,120
01224022002,3,Ύs,kQ,,,,12,9,3,7
01224022003,3,Ύs,kR,,,,378,183,195,164
01224022004,3,Ύs,kS,,,,313,150,163,121
01224022005,3,Ύs,kT,,,,184,82,102,72
01224022006,3,Ύs,kU,,,,419,211,208,139
01224022007,3,Ύs,kV,,,,444,230,214,177
012240230,2,Ύs,u,,,,1372,697,675,582
01224023001,3,Ύs,uP,,,,418,208,210,170
01224023002,3,Ύs,uQ,,,,270,135,135,127
01224023003,3,Ύs,uR,,,,201,103,98,93
01224023004,3,Ύs,uS,,,,483,251,232,192
012240240,2,Ύs,̏o,,,,1485,718,767,598
01224024001,3,Ύs,̏oP,,,,222,104,118,74
01224024002,3,Ύs,̏oQ,,,,181,96,85,78
01224024003,3,Ύs,̏oR,,,,567,266,301,233
01224024004,3,Ύs,̏oS,,,,200,99,101,80
01224024005,3,Ύs,̏oT,,,,315,153,162,133
012240250,2,Ύs,t,,,,2389,1218,1171,1124
01224025001,3,Ύs,tP,,,,103,56,47,65
01224025002,3,Ύs,tQ,,,,283,146,137,127
01224025003,3,Ύs,tR,,,,669,339,330,315
01224025004,3,Ύs,tS,,,,263,127,136,131
01224025005,3,Ύs,tT,,,,308,143,165,129
01224025006,3,Ύs,tU,,,,279,131,148,126
01224025007,3,Ύs,tV,,,,256,142,114,106
01224025008,3,Ύs,tW,,,,228,134,94,125
012240260,2,Ύs,Zg,,,,2812,1437,1375,1298
01224026001,3,Ύs,ZgP,,,,538,272,266,249
01224026002,3,Ύs,ZgQ,,,,302,140,162,139
01224026003,3,Ύs,ZgR,,,,767,415,352,363
01224026004,3,Ύs,ZgS,,,,706,368,338,326
01224026005,3,Ύs,ZgT,,,,499,242,257,221
012240270,2,Ύs,x,,,,1105,550,555,486
01224027001,3,Ύs,xP,,,,320,166,154,138
01224027002,3,Ύs,xQ,,,,785,384,401,348
012240280,2,Ύs,,,,,238,117,121,110
012240291,2,Ύs,,,,,20,11,9,7
01224029101,3,Ύs,ʂP,,,,4,3,1,1
01224029102,3,Ύs,ʂQ,,,,-,-,-,-
01224029103,3,Ύs,ʂR,,,,16,8,8,6
012240292,2,Ύs,j~,,,,1681,1563,118,94
012240301,2,Ύs,K,,,,933,471,462,328
01224030101,3,Ύs,KP,,,,14,6,8,5
01224030102,3,Ύs,KQ,,,,91,40,51,30
01224030103,3,Ύs,KR,,,,313,145,168,100
01224030104,3,Ύs,KS,,,,515,280,235,193
012240302,2,Ύs,,,,,3498,1673,1825,1208
01224030201,3,Ύs,P,,,,146,70,76,58
01224030202,3,Ύs,Q,,,,284,150,134,103
01224030203,3,Ύs,R,,,,556,274,282,186
01224030204,3,Ύs,S,,,,557,282,275,184
01224030205,3,Ύs,T,,,,694,287,407,194
01224030206,3,Ύs,U,,,,502,249,253,217
01224030207,3,Ύs,V,,,,387,180,207,138
01224030208,3,Ύs,W,,,,372,181,191,128
012240303,2,Ύs,uz,,,,172,83,89,70
012240310,2,Ύs,,,,,120,52,68,38
012240320,2,Ύs,,,,,185,98,87,46
012240331,2,Ύs,kz,,,,1504,724,780,523
01224033101,3,Ύs,kzP,,,,362,181,181,136
01224033102,3,Ύs,kzQ,,,,231,117,114,88
01224033103,3,Ύs,kzR,,,,294,148,146,104
01224033104,3,Ύs,kzS,,,,617,278,339,195
012240332,2,Ύs,,,,,1453,720,733,491
01224033201,3,Ύs,P,,,,3,2,1,2
01224033202,3,Ύs,Q,,,,520,248,272,169
01224033203,3,Ύs,R,,,,518,254,264,184
01224033205,3,Ύs,T,,,,412,216,196,136
012240333,2,Ύs,kMZ,,,,1954,1281,673,546
012240334,2,Ύs,E,,,,3514,1766,1748,1120
01224033401,3,Ύs,EP,,,,659,310,349,177
01224033402,3,Ύs,EQ,,,,432,224,208,150
01224033403,3,Ύs,ER,,,,42,20,22,12
01224033404,3,Ύs,ES,,,,626,324,302,179
01224033405,3,Ύs,ET,,,,811,406,405,259
01224033406,3,Ύs,EU,,,,261,137,124,88
01224033407,3,Ύs,EV,,,,371,192,179,106
01224033408,3,Ύs,EW,,,,312,153,159,149
012240340,2,Ύs,㒷s,,,,1365,693,672,463
012240350,2,Ύs,s,,,,99,49,50,31
012240360,2,Ύs,s,,,,307,165,142,87
012240370,2,Ύs,,,,,95,42,53,30
012240380,2,Ύs,,,,,322,297,25,8
012240390,2,Ύs,̑,,,,-,-,-,-
012240400,2,Ύs,z,,,,290,167,123,22
012240410,2,Ύs,X,,,,3,2,1,1
012240420,2,Ύs,xu,,,,3911,1805,2106,1719
01224042001,3,Ύs,xuP,,,,1030,489,541,420
01224042002,3,Ύs,xuQ,,,,790,340,450,272
01224042003,3,Ύs,xuR,,,,1007,457,550,481
01224042004,3,Ύs,xuS,,,,1084,519,565,546
012240430,2,Ύs,j,,,,1840,939,901,700
01224043001,3,Ύs,j؂P,,,,456,219,237,152
01224043002,3,Ύs,j؂Q,,,,182,99,83,76
01224043003,3,Ύs,j؂R,,,,347,171,176,116
01224043004,3,Ύs,j؂S,,,,430,229,201,182
01224043005,3,Ύs,j؂T,,,,369,192,177,152
01224043006,3,Ύs,j؂U,,,,56,29,27,22
012240440,2,Ύs,,,,,1902,935,967,723
01224044001,3,Ύs,P,,,,450,224,226,164
01224044002,3,Ύs,Q,,,,390,190,200,146
01224044003,3,Ύs,R,,,,709,350,359,263
01224044004,3,Ύs,S,,,,353,171,182,150
012240450,2,Ύs,y,,,,112,56,56,35
012240460,2,Ύs,a,,,,66,34,32,22
012240470,2,Ύs,V,,,,111,58,53,39
012240480,2,Ύs,u,,,,180,92,88,59
012240490,2,Ύs,kl,,,,2553,1245,1308,1094
01224049001,3,Ύs,klP,,,,595,292,303,267
01224049002,3,Ύs,klQ,,,,348,168,180,146
01224049003,3,Ύs,klR,,,,565,273,292,248
01224049004,3,Ύs,klS,,,,607,299,308,262
01224049005,3,Ύs,klT,,,,154,76,78,64
01224049006,3,Ύs,klU,,,,284,137,147,107
012240500,2,Ύs,Ru,,,,2845,1376,1469,1098
01224050001,3,Ύs,RuP,,,,482,222,260,195
01224050002,3,Ύs,RuQ,,,,565,277,288,217
01224050003,3,Ύs,RuR,,,,588,282,306,227
01224050004,3,Ύs,RuS,,,,344,166,178,140
01224050005,3,Ύs,RuT,,,,359,184,175,138
01224050006,3,Ύs,RuU,,,,504,243,261,179
01224050007,3,Ύs,RuV,,,,3,2,1,2
012240510,2,Ύs,,,,,2103,1058,1045,769
01224051001,3,Ύs,؂P,,,,598,308,290,205
01224051002,3,Ύs,؂Q,,,,340,172,168,127
01224051003,3,Ύs,؂R,,,,271,137,134,91
01224051004,3,Ύs,؂S,,,,442,216,226,177
01224051005,3,Ύs,؂T,,,,452,225,227,169
012240520,2,Ύs,ᑐ,,,,1863,870,993,717
01224052001,3,Ύs,ᑐP,,,,448,201,247,162
01224052002,3,Ύs,ᑐQ,,,,374,178,196,151
01224052003,3,Ύs,ᑐR,,,,355,169,186,146
01224052004,3,Ύs,ᑐS,,,,679,317,362,254
01224052005,3,Ύs,ᑐT,,,,7,5,2,4
012240530,2,Ύs,,,,,1669,843,826,709
01224053001,3,Ύs,P,,,,239,122,117,92
01224053002,3,Ύs,Q,,,,151,111,40,103
01224053003,3,Ύs,R,,,,366,175,191,145
01224053004,3,Ύs,S,,,,342,162,180,143
01224053005,3,Ύs,T,,,,443,206,237,174
01224053006,3,Ύs,U,,,,128,67,61,52
012240540,2,Ύs,,,,,1143,553,590,543
01224054001,3,Ύs,P,,,,189,103,86,175
01224054002,3,Ύs,Q,,,,217,105,112,81
01224054003,3,Ύs,R,,,,232,109,123,86
01224054004,3,Ύs,S,,,,206,99,107,79
01224054005,3,Ύs,T,,,,299,137,162,122
012240550,2,Ύs,,,,,2884,1468,1416,1131
01224055001,3,Ύs,P,,,,1066,565,501,573
01224055002,3,Ύs,Q,,,,-,-,-,-
01224055003,3,Ύs,R,,,,552,280,272,167
01224055004,3,Ύs,S,,,,390,183,207,122
01224055005,3,Ύs,T,,,,292,140,152,92
01224055006,3,Ύs,U,,,,584,300,284,177
012240560,2,Ύs,z,,,,1269,605,664,455
01224056001,3,Ύs,zP,,,,267,132,135,88
01224056002,3,Ύs,zQ,,,,200,94,106,73
01224056003,3,Ύs,zR,,,,438,207,231,156
01224056004,3,Ύs,zS,,,,296,134,162,110
01224056005,3,Ύs,zT,,,,68,38,30,28
012240570,2,Ύs,Z,,,,785,380,405,267
01224057001,3,Ύs,ZP,,,,213,109,104,72
01224057002,3,Ύs,ZQ,,,,186,89,97,68
01224057003,3,Ύs,ZR,,,,170,77,93,56
01224057004,3,Ύs,ZS,,,,216,105,111,71
012240580,2,Ύs,x┌Ή,,,,183,86,97,107
012240590,2,Ύs,y,,,,1,1,-,1
012240600,2,Ύs,bv,,,,4,1,3,2
012240610,2,Ύs,x,,,,-,-,-,-
012240620,2,Ύs,K,,,,1,-,1,1
012240630,2,Ύs,,,,,-,-,-,-
012240640,2,Ύs,J,,,,-,-,-,-
012240650,2,Ύs,L,,,,2620,1259,1361,1522
01224065001,3,Ύs,LP,,,,201,85,116,112
01224065002,3,Ύs,LQ,,,,438,222,216,250
01224065003,3,Ύs,LR,,,,373,189,184,210
01224065004,3,Ύs,LS,,,,275,141,134,139
01224065005,3,Ύs,LT,,,,393,166,227,234
01224065006,3,Ύs,LU,,,,-,-,-,-
01224065007,3,Ύs,LV,,,,489,218,271,325
01224065008,3,Ύs,LW,,,,451,238,213,252
012240660,2,Ύs,ԉ,,,,2083,981,1102,1022
01224066001,3,Ύs,ԉP,,,,118,61,57,65
01224066002,3,Ύs,ԉQ,,,,34,19,15,20
01224066003,3,Ύs,ԉR,,,,365,175,190,164
01224066004,3,Ύs,ԉS,,,,347,157,190,151
01224066005,3,Ύs,ԉT,,,,429,214,215,203
01224066006,3,Ύs,ԉU,,,,193,97,96,110
01224066007,3,Ύs,ԉV,,,,597,258,339,309
012240670,2,Ύs,,,,,2117,991,1126,1018
01224067001,3,Ύs,P,,,,403,201,202,185
01224067002,3,Ύs,Q,,,,474,254,220,243
01224067003,3,Ύs,R,,,,482,205,277,199
01224067004,3,Ύs,S,,,,181,46,135,145
01224067005,3,Ύs,T,,,,253,125,128,106
01224067006,3,Ύs,U,,,,324,160,164,140
012240680,2,Ύs,~u,,,,1339,627,712,495
01224068001,3,Ύs,~uP,,,,566,264,302,213
01224068002,3,Ύs,~uQ,,,,617,300,317,227
01224068003,3,Ύs,~uR,,,,156,63,93,55
012240690,2,Ύs,퐶,,,,2014,984,1030,783
01224069001,3,Ύs,퐶P,,,,416,196,220,165
01224069002,3,Ύs,퐶Q,,,,731,360,371,279
01224069003,3,Ύs,퐶R,,,,867,428,439,339
012240700,2,Ύs,,,,,1989,1049,940,778
01224070001,3,Ύs,P,,,,541,281,260,235
01224070002,3,Ύs,Q,,,,705,372,333,275
01224070003,3,Ύs,R,,,,743,396,347,268
012240710,2,Ύs,L,,,,1989,998,991,760
01224071001,3,Ύs,LP,,,,223,114,109,100
01224071002,3,Ύs,LQ,,,,380,201,179,156
01224071003,3,Ύs,LR,,,,733,362,371,256
01224071004,3,Ύs,LS,,,,155,81,74,62
01224071005,3,Ύs,LT,,,,498,240,258,186
012240720,2,Ύs,X,,,,-,-,-,-
012240730,2,Ύs,,,,,-,-,-,-
012240740,2,Ύs,swO,,,,1853,928,925,782
01224074001,3,Ύs,swOP,,,,575,289,286,234
01224074002,3,Ύs,swOQ,,,,386,179,207,158
01224074003,3,Ύs,swOR,,,,313,179,134,172
01224074004,3,Ύs,swOS,,,,579,281,298,218
012240750,2,Ύs,V,,,,213,103,110,79
01224075001,3,Ύs,VP,,,,39,19,20,17
01224075002,3,Ύs,VQ,,,,174,84,90,62
