KEY_CODE,HYOSYO,CITYNAME,NAME,HTKSYORI,HTKSAKI,GASSAN,T000572001,T000572002,T000572003,T000572004
,,,,,,,l,j,,ё
01228,1,[s,,,,,23709,10987,12722,10100
012280010,2,[s,,,,,609,279,330,301
012280020,2,[s,,,,,864,389,475,411
012280030,2,[s,O,,,,679,299,380,321
012280040,2,[s,l,,,,730,325,405,408
012280050,2,[s,܏,,,,627,289,338,314
012280060,2,[s,Z,,,,755,362,393,360
012280070,2,[s,,,,,604,275,329,286
012280080,2,[s,,,,,616,287,329,311
012280090,2,[s,,,,,295,133,162,121
012280100,2,[s,Β,,,,1123,525,598,504
012280110,2,[s,,,,,1472,652,820,615
012280120,2,[s,,,,,1329,641,688,640
012280130,2,[s,ђ,,,,474,224,250,225
01228013000,3,[s,ђ,,,,338,157,181,166
01228013001,3,[s,ђ,,,,43,19,24,19
01228013002,3,[s,ђk,,,,93,48,45,40
012280140,2,[s,q,,,,279,135,144,139
012280150,2,[s,V,,,,693,323,370,292
01228015001,3,[s,VP,,,,271,113,158,113
01228015002,3,[s,VQ,,,,233,118,115,105
01228015003,3,[s,VR,,,,189,92,97,74
012280161,2,[s,J,,,,410,200,210,165
01228016101,3,[s,JP,,,,97,49,48,39
01228016102,3,[s,JQ,,,,291,141,150,118
01228016103,3,[s,JR,,,,22,10,12,8
012280162,2,[s,,,,,667,324,343,232
012280170,2,[s,P,,,,26,16,10,8
012280180,2,[s,ڂ̒,,,,1362,559,803,513
012280190,2,[s,k,,,,1832,852,980,758
01228019001,3,[s,kP,,,,539,257,282,236
01228019002,3,[s,kQ,,,,1217,562,655,491
01228019003,3,[s,kR,,,,76,33,43,31
012280200,2,[s,䒬,,,,790,368,422,300
01228020001,3,[s,䒬P,,,,210,104,106,75
01228020002,3,[s,䒬Q,,,,580,264,316,225
012280210,2,[s,,,,,1254,613,641,436
012280221,2,[s,[,,,,1511,695,816,642
01228022101,3,[s,[k,,,,335,140,195,103
01228022102,3,[s,[Q,,,,412,196,216,184
01228022103,3,[s,[R,,,,533,249,284,256
01228022104,3,[s,[O[^E,,,,231,110,121,99
012280222,2,[s,[,,,,533,276,257,177
012280230,2,[s,eu,,,,35,14,21,14
012280240,2,[s,gZ,,,,36,17,19,22
012280250,2,[s,,,,,34,15,19,17
012280260,2,[s,Xi,,,,96,43,53,48
012280271,2,[s,],,,,777,355,422,304
01228027101,3,[s,]P,,,,585,266,319,222
01228027102,3,[s,]Q,,,,192,89,103,82
012280272,2,[s,],,,,449,216,233,82
012280281,2,[s,L,,,,765,353,412,334
01228028101,3,[s,LP,,,,435,195,240,201
01228028102,3,[s,LQ,,,,177,86,91,74
01228028103,3,[s,LR,,,,50,23,27,20
01228028104,3,[s,LS,,,,42,21,21,18
01228028105,3,[s,LT,,,,61,28,33,21
012280282,2,[s,L,,,,363,170,193,158
012280290,2,[s,L,,,,239,112,127,95
012280300,2,[s,z,,,,135,66,69,52
012280310,2,[s,c,,,,215,99,116,94
012280320,2,[s,,,,,121,58,63,45
012280340,2,[s,xu,,,,497,232,265,215
012280350,2,[s,xu,,,,40,19,21,14
012280370,2,[s,,,,,84,35,49,20
012280380,2,[s,F,,,,80,41,39,29
012280390,2,[s,EbJ,,,,39,19,20,12
012280410,2,[s,y,,,,88,41,47,31
012280430,2,[s,锑,,,,82,41,41,35
