KEY_CODE,HYOSYO,CITYNAME,NAME,HTKSYORI,HTKSAKI,GASSAN,T000572001,T000572002,T000572003,T000572004
,,,,,,,l,j,,ё
01218,1,ԕs,,,,,12637,5745,6892,5585
012180010,2,ԕs,咬,,,,89,46,43,50
01218001001,3,ԕs,咬P,,,,27,12,15,15
01218001002,3,ԕs,咬Q,,,,50,30,20,30
01218001003,3,ԕs,咬R,,,,12,4,8,5
012180020,2,ԕs,咬,,,,351,167,184,158
01218002001,3,ԕs,咬P,,,,140,66,74,63
01218002002,3,ԕs,咬Q,,,,23,11,12,11
01218002003,3,ԕs,咬R,,,,70,35,35,32
01218002004,3,ԕs,咬S,,,,118,55,63,52
012180030,2,ԕs,{,,,,275,116,159,96
01218003001,3,ԕs,{P,,,,42,18,24,18
01218003002,3,ԕs,{Q,,,,113,53,60,60
01218003003,3,ԕs,{R,,,,120,45,75,18
012180040,2,ԕs,ђ,,,,341,183,158,132
01218004001,3,ԕs,ђP,,,,39,19,20,16
01218004002,3,ԕs,ђQ,,,,159,78,81,73
01218004003,3,ԕs,ђR,,,,143,86,57,43
012180050,2,ԕs,,,,,283,129,154,137
01218005001,3,ԕs,򒬂P,,,,100,42,58,49
01218005002,3,ԕs,򒬂Q,,,,36,15,21,18
01218005003,3,ԕs,򒬂R,,,,93,45,48,42
01218005004,3,ԕs,򒬂S,,,,54,27,27,28
012180060,2,ԕs,,,,,247,117,130,110
01218006001,3,ԕs,P,,,,10,5,5,5
01218006002,3,ԕs,Q,,,,56,24,32,26
01218006003,3,ԕs,R,,,,6,4,2,3
01218006004,3,ԕs,S,,,,110,56,54,47
01218006005,3,ԕs,T,,,,65,28,37,29
012180070,2,ԕs,{,,,,577,242,335,211
01218007001,3,ԕs,{P,,,,147,63,84,64
01218007002,3,ԕs,{Q,,,,256,109,147,98
01218007003,3,ԕs,{R,,,,71,20,51,9
01218007004,3,ԕs,{S,,,,44,23,21,20
01218007005,3,ԕs,{T,,,,59,27,32,20
012180080,2,ԕs,ؒ,,,,146,67,79,75
01218008001,3,ԕs,ؒP,,,,65,30,35,35
01218008002,3,ԕs,ؒQ,,,,20,9,11,10
01218008003,3,ԕs,ؒR,,,,13,5,8,7
01218008004,3,ԕs,ؒS,,,,44,21,23,21
01218008005,3,ԕs,ؒT,,,,4,2,2,2
012180090,2,ԕs,a,,,,416,198,218,180
01218009001,3,ԕs,aP,,,,139,62,77,71
01218009002,3,ԕs,aQ,,,,60,29,31,24
01218009003,3,ԕs,aR,,,,80,34,46,32
01218009004,3,ԕs,aS,,,,21,11,10,10
01218009005,3,ԕs,aT,,,,57,30,27,18
01218009006,3,ԕs,aU,,,,59,32,27,25
012180100,2,ԕs,Lh,,,,479,219,260,239
01218010001,3,ԕs,LhP,,,,72,32,40,38
01218010002,3,ԕs,LhQ,,,,86,40,46,45
01218010003,3,ԕs,LhR,,,,149,71,78,71
01218010004,3,ԕs,LhS,,,,70,29,41,32
01218010005,3,ԕs,LhT,,,,102,47,55,53
012180110,2,ԕs,K,,,,363,167,196,192
01218011001,3,ԕs,KP,,,,105,51,54,54
01218011002,3,ԕs,KQ,,,,60,23,37,29
01218011003,3,ԕs,KR,,,,42,24,18,19
01218011004,3,ԕs,KS,,,,108,46,62,71
01218011005,3,ԕs,KT,,,,43,21,22,17
01218011006,3,ԕs,KU,,,,-,-,-,-
01218011007,3,ԕs,KV,,,,5,2,3,2
012180120,2,ԕs,Zg,,,,85,34,51,36
012180130,2,ԕs,a,,,,233,106,127,98
012180140,2,ԕs,y,,,,240,98,142,80
012180150,2,ԕs,L,,,,54,24,30,24
012180160,2,ԕs,L,,,,28,13,15,15
012180170,2,ԕs,ؒk,,,,116,56,60,53
01218017001,3,ԕs,ؒkP,,,,4,2,2,2
01218017002,3,ԕs,ؒkQ,,,,13,7,6,6
01218017003,3,ԕs,ؒkR,,,,11,5,6,5
01218017004,3,ԕs,ؒkS,,,,10,4,6,5
01218017005,3,ԕs,ؒkT,,,,17,11,6,8
01218017006,3,ԕs,ؒkU,,,,22,10,12,9
01218017007,3,ԕs,ؒkV,,,,26,11,15,12
01218017008,3,ԕs,ؒkW,,,,13,6,7,6
012180180,2,ԕs,ؒ,,,,161,92,69,97
01218018001,3,ԕs,ؒP,,,,56,45,11,46
01218018002,3,ԕs,ؒQ,,,,12,6,6,5
01218018003,3,ԕs,ؒR,,,,22,11,11,12
01218018004,3,ԕs,ؒS,,,,20,9,11,7
01218018005,3,ԕs,ؒT,,,,-,-,-,-
01218018006,3,ԕs,ؒU,,,,51,21,30,27
012180190,2,ԕs,ؒ,,,,185,83,102,86
01218019001,3,ԕs,ؒP,,,,13,7,6,6
01218019002,3,ԕs,ؒQ,,,,27,14,13,14
01218019003,3,ԕs,ؒR,,,,9,4,5,4
01218019004,3,ԕs,ؒS,,,,22,7,15,11
01218019005,3,ԕs,ؒT,,,,15,7,8,7
01218019006,3,ԕs,ؒU,,,,19,8,11,9
01218019007,3,ԕs,ؒV,,,,36,15,21,16
01218019008,3,ԕs,ؒW,,,,21,11,10,8
01218019009,3,ԕs,ؒX,,,,23,10,13,11
012180200,2,ԕs,ؒ,,,,443,183,260,206
01218020001,3,ԕs,ؒP,,,,104,40,64,53
01218020002,3,ԕs,ؒQ,,,,10,3,7,6
01218020003,3,ԕs,ؒR,,,,266,105,161,117
01218020004,3,ԕs,ؒS,,,,36,23,13,15
01218020005,3,ԕs,ؒT,,,,27,12,15,15
012180210,2,ԕs,k,,,,465,201,264,229
01218021001,3,ԕs,kP,,,,50,22,28,21
01218021002,3,ԕs,kQ,,,,74,35,39,38
01218021003,3,ԕs,kR,,,,241,101,140,126
01218021004,3,ԕs,kS,,,,78,32,46,36
01218021005,3,ԕs,kT,,,,22,11,11,8
012180220,2,ԕs,,,,,473,223,250,208
01218022001,3,ԕs,P,,,,183,93,90,77
01218022002,3,ԕs,Q,,,,56,25,31,31
01218022003,3,ԕs,R,,,,113,50,63,50
01218022004,3,ԕs,S,,,,88,40,48,35
01218022005,3,ԕs,T,,,,33,15,18,15
012180230,2,ԕs,,,,,573,254,319,245
01218023001,3,ԕs,P,,,,70,32,38,29
01218023002,3,ԕs,Q,,,,150,64,86,67
01218023003,3,ԕs,R,,,,152,71,81,72
01218023004,3,ԕs,S,,,,201,87,114,77
012180240,2,ԕs,Lu,,,,268,104,164,157
01218024001,3,ԕs,LuP,,,,11,3,8,5
01218024002,3,ԕs,LuQ,,,,238,93,145,145
01218024003,3,ԕs,LuR,,,,19,8,11,7
012180250,2,ԕs,L,,,,264,121,143,108
012180260,2,ԕs,ԕ,,,,1659,777,882,874
012180270,2,ԕs,ΐKk,,,,261,107,154,116
01218027001,3,ԕs,ΐKkP,,,,29,10,19,15
01218027002,3,ԕs,ΐKkQ,,,,48,22,26,21
01218027003,3,ԕs,ΐKkR,,,,46,19,27,18
01218027004,3,ԕs,ΐKkS,,,,72,30,42,30
01218027005,3,ԕs,ΐKkT,,,,23,10,13,12
01218027006,3,ԕs,ΐKkU,,,,43,16,27,20
012180280,2,ԕs,ΐK,,,,208,97,111,92
01218028001,3,ԕs,ΐKP,,,,44,22,22,21
01218028002,3,ԕs,ΐKQ,,,,52,23,29,20
01218028003,3,ԕs,ΐKR,,,,53,26,27,24
01218028004,3,ԕs,ΐKS,,,,47,21,26,22
01218028005,3,ԕs,ΐKT,,,,12,5,7,5
012180290,2,ԕs,ΐKk,,,,47,18,29,24
01218029001,3,ԕs,ΐKkP,,,,32,12,20,15
01218029002,3,ԕs,ΐKkQ,,,,15,6,9,9
012180300,2,ԕs,ΐK,,,,163,70,93,77
01218030001,3,ԕs,ΐKP,,,,9,4,5,4
01218030002,3,ԕs,ΐKQ,,,,41,17,24,20
01218030003,3,ԕs,ΐKR,,,,21,11,10,12
01218030004,3,ԕs,ΐKS,,,,40,16,24,17
01218030005,3,ԕs,ΐKT,,,,28,10,18,15
01218030006,3,ԕs,ΐKU,,,,24,12,12,9
012180310,2,ԕs,ΐKt,,,,320,136,184,158
01218031001,3,ԕs,ΐKtP,,,,92,37,55,48
01218031002,3,ԕs,ΐKtQ,,,,123,49,74,56
01218031003,3,ԕs,ΐKtR,,,,105,50,55,54
012180320,2,ԕs,ΐKVt,,,,58,22,36,39
01218032001,3,ԕs,ΐKVtP,,,,51,20,31,33
01218032002,3,ԕs,ΐKVtQ,,,,7,2,5,6
012180330,2,ԕs,ΐK{,,,,107,43,64,51
01218033001,3,ԕs,ΐK{P,,,,-,-,-,-
01218033002,3,ԕs,ΐK{Q,,,,37,17,20,15
01218033003,3,ԕs,ΐK{R,,,,41,13,28,22
01218033004,3,ԕs,ΐK{S,,,,29,13,16,14
012180340,2,ԕs,ΐKV,,,,337,145,192,143
01218034001,3,ԕs,ΐKVP,,,,6,3,3,4
01218034002,3,ԕs,ΐKVQ,,,,28,12,16,14
01218034003,3,ԕs,ΐKVR,,,,16,6,10,7
01218034004,3,ԕs,ΐKVS,,,,180,78,102,69
01218034005,3,ԕs,ΐKVT,,,,107,46,61,49
012180350,2,ԕs,ΐKh,,,,107,57,50,42
01218035001,3,ԕs,ΐKhP,,,,32,17,15,12
01218035002,3,ԕs,ΐKhQ,,,,19,10,9,8
01218035003,3,ԕs,ΐKhR,,,,18,10,8,8
01218035004,3,ԕs,ΐKhS,,,,38,20,18,14
01218035005,3,ԕs,ΐKhT,,,,-,-,-,-
012180360,2,ԕs,ΐK,,,,2,1,1,1
01218036001,3,ԕs,ΐKP,,,,2,1,1,1
01218036002,3,ԕs,ΐKQ,,,,-,-,-,-
01218036003,3,ԕs,ΐKR,,,,-,-,-,-
012180370,2,ԕs,ΐK{,,,,-,-,-,-
012180380,2,ԕs,ΐK,,,,2,-,2,1
012180390,2,ԕs,S˒,,,,147,80,67,47
01218039001,3,ԕs,S˒P,,,,38,18,20,18
01218039002,3,ԕs,S˒Q,,,,8,2,6,4
01218039003,3,ԕs,S˒R,,,,4,1,3,3
01218039004,3,ԕs,S˒S,,,,95,58,37,21
01218039005,3,ԕs,S˒T,,,,2,1,1,1
012180400,2,ԕs,S˒,,,,393,208,185,114
01218040001,3,ԕs,S˒P,,,,98,50,48,5
01218040002,3,ԕs,S˒Q,,,,67,50,17,7
01218040003,3,ԕs,S˒R,,,,96,47,49,37
01218040004,3,ԕs,S˒S,,,,52,27,25,26
01218040005,3,ԕs,S˒T,,,,77,32,45,38
01218040006,3,ԕs,S˒U,,,,3,2,1,1
012180410,2,ԕs,S˒k,,,,-,-,-,-
012180420,2,ԕs,G,,,,9,4,5,5
012180430,2,ԕs,݌j,,,,12,6,6,9
012180440,2,ԕs,ݐ,,,,66,31,35,28
01218044001,3,ԕs,ݐP,,,,36,17,19,16
01218044002,3,ԕs,ݐQ,,,,8,4,4,2
01218044003,3,ԕs,ݐR,,,,2,1,1,1
01218044004,3,ԕs,ݐS,,,,3,2,1,2
01218044005,3,ԕs,ݐT,,,,3,1,2,1
01218044006,3,ԕs,ݐU,,,,14,6,8,6
012180450,2,ԕs,ݐV,,,,849,379,470,205
01218045001,3,ԕs,ݐVP,,,,20,11,9,8
01218045002,3,ԕs,ݐVQ,,,,473,211,262,26
01218045003,3,ԕs,ݐVR,,,,13,5,8,7
01218045004,3,ԕs,ݐVS,,,,65,36,29,21
01218045005,3,ԕs,ݐVT,,,,42,19,23,22
01218045006,3,ԕs,ݐVU,,,,143,57,86,81
01218045007,3,ԕs,ݐVV,,,,7,2,5,4
01218045008,3,ԕs,ݐVW,,,,82,37,45,34
01218045009,3,ԕs,ݐVX,,,,4,1,3,2
012180460,2,ԕs,ݏ,,,,311,128,183,141
01218046001,3,ԕs,ݏP,,,,102,40,62,42
01218046002,3,ԕs,ݏQ,,,,87,33,54,43
01218046003,3,ԕs,ݏR,,,,5,2,3,2
01218046004,3,ԕs,ݏS,,,,2,1,1,1
01218046005,3,ԕs,ݏT,,,,37,17,20,16
01218046006,3,ԕs,ݏU,,,,78,35,43,37
012180470,2,ԕs,ݒ,,,,243,108,135,118
01218047001,3,ԕs,ݒP,,,,47,23,24,24
01218047002,3,ԕs,ݒQ,,,,64,29,35,31
01218047003,3,ԕs,ݒR,,,,22,8,14,11
01218047004,3,ԕs,ݒS,,,,43,18,25,20
01218047005,3,ԕs,ݒT,,,,53,24,29,27
01218047006,3,ԕs,ݒU,,,,14,6,8,5
012180480,2,ԕs,ݓ,,,,177,83,94,76
01218048001,3,ԕs,ݓP,,,,67,31,36,33
01218048002,3,ԕs,ݓQ,,,,40,20,20,16
01218048003,3,ԕs,ݓR,,,,29,13,16,10
01218048004,3,ԕs,ݓS,,,,28,12,16,10
01218048005,3,ԕs,ݓT,,,,5,2,3,2
01218048006,3,ԕs,ݓU,,,,8,5,3,5
012180490,2,ԕs,ݓ쒬,,,,4,2,2,2
012180500,2,ԕs,,,,,-,-,-,-
