KEY_CODE,HYOSYO,CITYNAME,NAME,HTKSYORI,HTKSAKI,GASSAN,T000572001,T000572002,T000572003,T000572004
,,,,,,,l,j,,ё
01229,1,xǖs,,,,,24259,11418,12841,10074
012290010,2,xǖs,ԉ,,,,89,43,46,46
012290020,2,xǖs,ђ,,,,917,415,502,404
012290030,2,xǖs,Zg,,,,720,325,395,235
012290040,2,xǖs,V,,,,501,239,262,206
012290050,2,xǖs,䒬,,,,696,328,368,295
012290060,2,xǖs,t,,,,738,367,371,320
012290070,2,xǖs,,,,,221,94,127,135
012290080,2,xǖs,k,,,,284,123,161,185
012290090,2,xǖs,,,,,408,188,220,197
012290100,2,xǖs,얃,,,,328,156,172,144
012290110,2,xǖs,,,,,1046,489,557,418
012290120,2,xǖs,jؒ,,,,1405,686,719,591
012290130,2,xǖs,Vx,,,,537,250,287,223
012290140,2,xǖs,퐶,,,,635,300,335,291
012290150,2,xǖs,ᏼ,,,,390,190,200,191
012290160,2,xǖs,{,,,,384,158,226,197
012290170,2,xǖs,,,,,529,217,312,253
012290180,2,xǖs,̏o,,,,271,107,164,127
012290190,2,xǖs,K,,,,496,228,268,257
012290200,2,xǖs,L,,,,846,405,441,424
012290210,2,xǖs,h,,,,472,222,250,253
012290220,2,xǖs,t,,,,409,217,192,206
012290230,2,xǖs,Β,,,,1080,508,572,467
012290240,2,xǖs,,,,,523,248,275,222
012290250,2,xǖs,쒬,,,,187,91,96,72
012290260,2,xǖs,,,,,757,380,377,348
012290270,2,xǖs,k̕,,,,1611,729,882,729
012290280,2,xǖs,x,,,,-,-,-,-
012290290,2,xǖs,m,,,,54,24,30,24
012290300,2,xǖs,R,,,,30,16,14,15
012290310,2,xǖs,wc,,,,57,27,30,19
012290321,2,xǖs,kl,,,,472,239,233,182
012290322,2,xǖs,klij,,,,22,6,16,16
012290323,2,xǖs,klij,,,,3,2,1,1
012290330,2,xǖs,wc,,,,71,34,37,18
012290340,2,xǖs,wcO,,,,194,92,102,75
012290350,2,xǖs,k,,,,195,88,107,64
012290360,2,xǖs,,,,,129,58,71,38
012290361,2,xǖs,_,,,,277,126,151,84
012290370,2,xǖs,,,,,144,69,75,38
012290380,2,xǖs,,,,,235,114,121,56
012290400,2,xǖs,kR,,,,146,69,77,46
012290410,2,xǖs,R,,,,182,89,93,67
012290420,2,xǖs,R,,,,158,72,86,51
012290430,2,xǖs,zsXn,,,,157,73,84,73
012290440,2,xǖs,zΖ,,,,62,31,31,28
012290450,2,xǖs,z,,,,60,30,30,25
012290460,2,xǖs,܋,,,,125,56,69,44
012290470,2,xǖs,܋,,,,121,47,74,52
012290480,2,xǖs,܋,,,,152,75,77,44
012290490,2,xǖs,䗿,,,,68,31,37,21
012290500,2,xǖs,䗿,,,,458,193,265,39
012290510,2,xǖs,䗿,,,,105,56,49,39
012290520,2,xǖs,xu,,,,59,27,32,15
012290530,2,xǖs,xu,,,,50,23,27,15
012290540,2,xǖs,z,,,,31,12,19,8
012290550,2,xǖs,z,,,,44,21,23,12
012290560,2,xǖs,kz,,,,40,22,18,9
012290570,2,xǖs,zʎsXn,,,,36,19,17,18
012290580,2,xǖs,z,,,,34,17,17,12
012290590,2,xǖs,z,,,,42,23,19,12
012290600,2,xǖs,u,,,,48,28,20,18
012290610,2,xǖs,k[,,,,59,27,32,20
012290620,2,xǖs,[,,,,123,64,59,35
012290630,2,xǖs,[sXn,,,,163,85,78,81
012290640,2,xǖs,[,,,,65,33,32,21
012290650,2,xǖs,[,,,,98,51,47,28
012290660,2,xǖs,,,,,48,24,24,16
012290670,2,xǖs,Vߕz,,,,236,118,118,73
012290680,2,xǖs,R,,,,394,188,206,133
012290690,2,xǖs,Bz,,,,370,191,179,132
012290700,2,xǖs,R,,,,769,380,389,233
012290710,2,xǖs,RsX,,,,1393,645,748,588
