KEY_CODE,HYOSYO,CITYNAME,NAME,HTKSYORI,HTKSAKI,GASSAN,T000572001,T000572002,T000572003,T000572004
,,,,,,,l,j,,ё
01207,1,эLs,,,,,168057,80584,87473,75474
012070010,2,эLs,ʓ,,,,5337,2543,2794,2723
01207001001,3,эLs,ʓQ,,,,130,56,74,65
01207001002,3,эLs,ʓP,,,,250,113,137,150
01207001003,3,эLs,QR,,,,242,124,118,132
01207001004,3,эLs,RQ,,,,167,77,90,108
01207001005,3,эLs,RP,,,,350,153,197,179
01207001007,3,эLs,VQ,,,,107,53,54,50
01207001009,3,эLs,WQ,,,,150,70,80,60
01207001010,3,эLs,XQ,,,,672,323,349,307
01207001011,3,эLs,POQ,,,,442,230,212,234
01207001012,3,эLs,PPQ,,,,241,102,139,113
01207001013,3,эLs,PQR,,,,470,213,257,238
01207001014,3,эLs,PRR,,,,422,190,232,197
01207001015,3,эLs,PSQ,,,,534,254,280,256
01207001016,3,эLs,PTR,,,,130,57,73,53
01207001042,3,эLs,PkQ,,,,647,327,320,343
01207001053,3,эLs,XT,,,,383,201,182,238
012070020,2,эLs,P,,,,8314,4034,4280,4272
01207002002,3,эLs,PU,,,,726,367,359,419
01207002003,3,эLs,QU,,,,734,346,388,377
01207002004,3,эLs,RU,,,,411,188,223,231
01207002005,3,эLs,SU,,,,542,275,267,306
01207002006,3,эLs,TU,,,,840,381,459,418
01207002007,3,эLs,UU,,,,821,411,410,430
01207002008,3,эLs,VU,,,,837,400,437,372
01207002009,3,эLs,WU,,,,401,213,188,231
01207002010,3,эLs,XU,,,,1105,529,576,539
01207002011,3,эLs,POU,,,,949,436,513,444
01207002012,3,эLs,PPU,,,,709,338,371,340
01207002013,3,эLs,PQU,,,,239,150,89,165
012070030,2,эLs,ʓ,,,,2028,963,1065,1181
01207003001,3,эLs,ʓU,,,,288,144,144,187
01207003017,3,эLs,PR,,,,342,171,171,220
01207003018,3,эLs,QR,,,,225,106,119,140
01207003019,3,эLs,RR,,,,203,91,112,94
01207003020,3,эLs,SR,,,,493,237,256,305
01207003021,3,эLs,TR,,,,421,191,230,201
01207003022,3,эLs,VS,,,,47,19,28,28
01207003023,3,эLs,VS,,,,9,4,5,6
012070040,2,эLs,ʓ,,,,4563,2196,2367,2641
01207004001,3,эLs,ʓPS,,,,464,233,231,261
01207004017,3,эLs,PPS,,,,507,232,275,286
01207004018,3,эLs,QPS,,,,268,131,137,158
01207004019,3,эLs,SPR,,,,573,271,302,278
01207004020,3,эLs,SPS,,,,292,137,155,179
01207004021,3,эLs,TPP,,,,487,250,237,293
01207004022,3,эLs,TPO,,,,923,431,492,534
01207004023,3,эLs,VX,,,,500,250,250,327
01207004024,3,эLs,WX,,,,301,153,148,205
01207004045,3,эLs,P,,,,248,108,140,120
012070050,2,эLs,P,,,,6279,2927,3352,2934
01207005002,3,эLs,PPT,,,,859,397,462,434
01207005003,3,эLs,QPU,,,,964,470,494,502
01207005004,3,эLs,RPU,,,,869,401,468,431
01207005005,3,эLs,SPV,,,,436,193,243,218
01207005006,3,эLs,TPV,,,,1071,480,591,482
01207005007,3,эLs,UPW,,,,798,371,427,342
01207005008,3,эLs,VPX,,,,339,172,167,141
01207005009,3,эLs,VPX,,,,507,243,264,222
01207005010,3,эLs,WPX,,,,436,200,236,162
012070060,2,эLs,ʓ,,,,5700,2648,3052,2860
01207006001,3,эLs,ʓQO,,,,250,110,140,112
01207006017,3,эLs,PQO,,,,950,455,495,509
01207006018,3,эLs,QQO,,,,874,404,470,448
01207006019,3,эLs,RQO,,,,1162,551,611,534
01207006020,3,эLs,TQO,,,,566,259,307,286
01207006021,3,эLs,TQO,,,,824,385,439,418
01207006022,3,эLs,TQP,,,,928,416,512,481
01207006023,3,эLs,VQO,,,,146,68,78,72
012070070,2,эLs,V,,,,6054,2815,3239,2797
01207007023,3,эLs,VQS,,,,704,325,379,318
01207007024,3,эLs,WQS,,,,682,319,363,329
01207007025,3,эLs,XQT,,,,485,232,253,218
01207007026,3,эLs,POQT,,,,857,403,454,384
01207007027,3,эLs,PPQS,,,,1356,646,710,614
01207007028,3,эLs,PQQT,,,,830,390,440,414
01207007044,3,эLs,T,,,,41,34,7,20
01207007045,3,эLs,Q,,,,1099,466,633,500
012070080,2,эLs,W,,,,4568,2252,2316,2524
01207008024,3,эLs,WS,,,,553,257,296,342
01207008025,3,эLs,XX,,,,269,132,137,148
01207008026,3,эLs,POS,,,,453,219,234,221
01207008027,3,эLs,PQS,,,,575,292,283,306
01207008028,3,эLs,PQX,,,,273,140,133,154
01207008029,3,эLs,PRPO,,,,418,202,216,209
01207008030,3,эLs,PSPP,,,,341,164,177,198
01207008031,3,эLs,PTT,,,,653,347,306,388
01207008046,3,эLs,VP,,,,1033,499,534,558
012070090,2,эLs,X,,,,5367,2553,2814,2689
01207009024,3,эLs,XPS,,,,392,185,207,214
01207009025,3,эLs,POPS,,,,518,267,251,262
01207009026,3,эLs,PPPS,,,,442,207,235,227
01207009027,3,эLs,PQPS,,,,439,202,237,212
01207009028,3,эLs,PRPS,,,,358,171,187,170
01207009029,3,эLs,PRPS,,,,433,216,217,228
01207009030,3,эLs,PSPS,,,,514,248,266,250
01207009031,3,эLs,PTPS,,,,402,188,214,202
01207009044,3,эLs,΃PuPʂP,,,,1848,859,989,915
01207009047,3,эLs,쒬PQ,,,,21,10,11,9
012070100,2,эLs,PU,,,,13960,6644,7316,6147
01207010032,3,эLs,PUT,,,,3919,1896,2023,1856
01207010033,3,эLs,PVT,,,,1690,773,917,787
01207010034,3,эLs,PWT,,,,1795,843,952,800
01207010035,3,эLs,PXT,,,,2367,1144,1223,999
01207010036,3,эLs,QOT,,,,2605,1250,1355,1079
01207010051,3,эLs,RuP,,,,1584,738,846,626
012070110,2,эLs,PU,,,,4862,2242,2620,2287
01207011032,3,эLs,PUS,,,,1710,788,922,838
01207011033,3,эLs,PVR,,,,1524,713,811,702
01207011049,3,эLs,PU𓌂P,,,,1628,741,887,747
012070120,2,эLs,PW,,,,4760,2279,2481,2090
01207012034,3,эLs,PWP,,,,1887,902,985,848
01207012035,3,эLs,PWQ,,,,1382,639,743,607
01207012036,3,эLs,QOQ,,,,1491,738,753,635
012070130,2,эLs,PU,,,,3641,1606,2035,1725
01207013032,3,эLs,PUQ,,,,600,292,308,263
01207013050,3,эLs,ё䓌P,,,,1925,832,1093,982
01207013060,3,эLs,ё쒬P,,,,1116,482,634,480
012070140,2,эLs,ʓ,,,,3209,1501,1708,1714
01207014001,3,эLs,ʓP,,,,10,5,5,7
01207014017,3,эLs,PP,,,,58,25,33,40
01207014018,3,эLs,QkP,,,,260,119,141,130
01207014019,3,эLs,QkR,,,,422,203,219,241
01207014020,3,эLs,SkS,,,,358,169,189,198
01207014021,3,эLs,TkT,,,,543,268,275,285
01207014022,3,эLs,UkS,,,,613,292,321,328
01207014023,3,эLs,VkR,,,,669,293,376,343
01207014024,3,эLs,WkP,,,,276,127,149,142
012070150,2,эLs,Wk,,,,8962,4256,4706,3967
01207015024,3,эLs,WkS,,,,474,218,256,183
01207015025,3,эLs,XkW,,,,589,284,305,257
01207015026,3,эLs,PPkW,,,,1671,793,878,754
01207015027,3,эLs,PPkW,,,,870,417,453,435
01207015028,3,эLs,PQkW,,,,1139,585,554,511
01207015029,3,эLs,PRkW,,,,1237,586,651,514
01207015030,3,эLs,PSkW,,,,1736,785,951,774
01207015031,3,эLs,PTkW,,,,1246,588,658,539
012070161,2,эLs,PVk,,,,710,338,372,333
012070162,2,эLs,PS,,,,5433,2578,2855,2523
01207016230,3,эLs,PSQ,,,,308,141,167,150
01207016231,3,эLs,PTP,,,,484,231,253,235
01207016232,3,эLs,PUkP,,,,2797,1308,1489,1250
01207016233,3,эLs,PVkP,,,,1495,727,768,728
01207016234,3,эLs,PWkP,,,,349,171,178,160
012070170,2,эLs,PUk,,,,4967,2407,2560,1986
01207017032,3,эLs,PUkR,,,,2163,1041,1122,856
01207017033,3,эLs,PVkR,,,,2270,1089,1181,953
01207017034,3,эLs,PWkQ,,,,534,277,257,177
012070180,2,эLs,PWk,,,,8756,4274,4482,3667
01207018034,3,эLs,PWkP,,,,71,32,39,28
01207018035,3,эLs,PXkP,,,,22,10,12,8
01207018036,3,эLs,QPkT,,,,26,13,13,10
01207018037,3,эLs,QPkT,,,,1567,767,800,682
01207018038,3,эLs,QQkT,,,,1214,578,636,496
01207018039,3,эLs,QRkT,,,,1685,817,868,673
01207018040,3,эLs,QSkS,,,,2860,1366,1494,1226
01207018041,3,эLs,QSkQ,,,,1311,691,620,544
012070190,2,эLs,QP,,,,4005,1953,2052,1401
01207019037,3,эLs,QPT,,,,2,1,1,1
01207019038,3,эLs,QQT,,,,13,7,6,5
01207019039,3,эLs,QRT,,,,351,167,184,107
01207019040,3,эLs,QST,,,,2290,1083,1207,832
01207019041,3,эLs,QTR,,,,1349,695,654,456
012070201,2,эLs,PT,,,,25,13,12,12
012070202,2,эLs,쒬,,,,4730,2532,2198,1891
01207020243,3,эLs,쒬U,,,,1749,1083,666,508
01207020247,3,эLs,쒬TW,,,,2981,1449,1532,1383
012070211,2,эLs,̐X,,,,2035,984,1051,771
01207021101,3,эLs,̐XR,,,,66,28,38,56
01207021102,3,эLs,̐XP,,,,67,27,40,26
01207021103,3,эLs,̐XQ,,,,242,122,120,85
01207021104,3,эLs,̐XR,,,,101,51,50,33
01207021105,3,эLs,̐XT,,,,191,95,96,62
01207021106,3,эLs,̐XU,,,,249,118,131,91
01207021107,3,эLs,̐XV,,,,295,147,148,111
01207021108,3,эLs,̐XW,,,,194,93,101,75
01207021109,3,эLs,̐XX,,,,318,156,162,116
01207021110,3,эLs,̐XPO,,,,312,147,165,116
012070212,2,эLs,`쒬,,,,3200,1708,1492,1101
01207021254,3,эLs,`쒬PP,,,,375,118,257,34
01207021255,3,эLs,ʕ{,,,,592,527,65,65
01207021261,3,эLs,̐XP,,,,2233,1063,1170,1002
012070221,2,эLs,P,,,,987,474,513,413
01207022101,3,эLs,PRT,,,,126,59,67,43
01207022102,3,эLs,QRT,,,,14,6,8,5
01207022103,3,эLs,RRT,,,,37,17,20,20
01207022104,3,эLs,SRT,,,,67,27,40,21
01207022105,3,эLs,TRT,,,,37,23,14,21
01207022106,3,эLs,PRU,,,,41,17,24,8
01207022107,3,эLs,QRU,,,,46,24,22,23
01207022108,3,эLs,RRU,,,,2,1,1,1
01207022109,3,эLs,SRU,,,,32,15,17,11
01207022110,3,эLs,TRU,,,,105,52,53,44
01207022111,3,эLs,QRV,,,,70,35,35,30
01207022112,3,эLs,RRV,,,,-,-,-,-
01207022113,3,эLs,SRV,,,,73,36,37,48
01207022114,3,эLs,TRV,,,,65,29,36,28
01207022115,3,эLs,QRW,,,,154,76,78,60
01207022116,3,эLs,RRW,,,,61,32,29,27
01207022117,3,эLs,SRW,,,,9,4,5,4
01207022118,3,эLs,TRW,,,,48,21,27,19
012070222,2,эLs,R,,,,2803,1347,1456,1291
01207022201,3,эLs,RQW,,,,527,288,239,289
01207022217,3,эLs,ʓRO,,,,100,49,51,42
01207022218,3,эLs,QRP,,,,47,23,24,17
01207022219,3,эLs,QRQ,,,,262,108,154,122
01207022220,3,эLs,SRQ,,,,234,107,127,123
01207022221,3,эLs,TRQ,,,,125,60,65,51
01207022222,3,эLs,URQ,,,,426,202,224,191
01207022223,3,эLs,VRQ,,,,107,49,58,49
01207022224,3,эLs,VRQ,,,,213,101,112,80
01207022225,3,эLs,XRR,,,,119,52,67,45
01207022226,3,эLs,XRQ,,,,93,41,52,43
01207022227,3,эLs,PORR,,,,204,100,104,110
01207022252,3,эLs,cQ,,,,346,167,179,129
012070231,2,эLs,PQ,,,,2047,993,1054,1130
01207023101,3,эLs,PQRX,,,,4,3,1,1
01207023102,3,эLs,PRRX,,,,249,123,126,121
01207023103,3,эLs,PRSO,,,,194,95,99,113
01207023104,3,эLs,PRSP,,,,88,55,33,58
01207023105,3,эLs,PSRX,,,,110,57,53,46
01207023106,3,эLs,PSSO,,,,114,66,48,55
01207023107,3,эLs,PSSP,,,,66,39,27,38
01207023108,3,эLs,PTRX,,,,-,-,-,-
01207023109,3,эLs,PTSO,,,,58,23,35,22
01207023110,3,эLs,PTSP,,,,255,128,127,121
01207023111,3,эLs,PVSO,,,,238,122,116,120
01207023112,3,эLs,PTRW,,,,-,-,-,-
01207023142,3,эLs,PXSQ,,,,671,282,389,435
012070233,2,эLs,c,,,,1592,864,728,426
01207023352,3,эLs,cW,,,,1592,864,728,426
01207023355,3,эLs,쐼,,,,-,-,-,-
012070240,2,эLs,c,,,,3575,1753,1822,1122
01207024052,3,эLs,cP,,,,-,-,-,-
01207024055,3,эLs,ʕ{,,,,3575,1753,1822,1122
012070250,2,эLs,,,,,3302,1676,1626,990
01207025056,3,эLs,,,,,2272,1150,1122,658
01207025057,3,эLs,吳{,,,,1030,526,504,332
012070260,2,эLs,PV,,,,1831,928,903,895
012070270,2,эLs,PW,,,,4429,2063,2366,1904
01207027034,3,эLs,PWR,,,,1342,621,721,580
01207027035,3,эLs,PXR,,,,1428,657,771,604
01207027036,3,эLs,QOR,,,,1659,785,874,720
012070280,2,эLs,PW,,,,4380,2058,2322,1860
01207028034,3,эLs,PWS,,,,1452,672,780,602
01207028035,3,эLs,PXS,,,,1350,618,732,563
01207028036,3,эLs,QOS,,,,1578,768,810,695
012070290,2,эLs,QP,,,,3109,1435,1674,1191
01207029037,3,эLs,QPR,,,,1409,642,767,532
01207029038,3,эLs,QQR,,,,928,443,485,364
01207029039,3,эLs,QRR,,,,772,350,422,295
012070300,2,эLs,QP,,,,6000,2779,3221,2359
01207030037,3,эLs,QPS,,,,2825,1277,1548,1140
01207030038,3,эLs,QQS,,,,1223,578,645,468
01207030039,3,эLs,QRS,,,,1952,924,1028,751
012070310,2,эLs,쒬,,,,1473,708,765,623
012070321,2,эLs,PR,,,,2017,950,1067,964
01207032101,3,эLs,PRRT,,,,12,6,6,5
01207032102,3,эLs,PSRT,,,,141,66,75,67
01207032103,3,эLs,PTRT,,,,25,17,8,13
01207032104,3,эLs,PRRU,,,,6,2,4,3
01207032105,3,эLs,PSRU,,,,106,50,56,44
01207032106,3,эLs,PSRV,,,,-,-,-,-
01207032107,3,эLs,PTRU,,,,157,61,96,89
01207032108,3,эLs,PURT,,,,133,63,70,57
01207032109,3,эLs,PURU,,,,97,53,44,83
01207032110,3,эLs,PURV,,,,227,102,125,117
01207032111,3,эLs,PURW,,,,111,50,61,53
01207032112,3,эLs,PVRT,,,,7,3,4,2
01207032113,3,эLs,PVRV,,,,105,52,53,67
01207032114,3,эLs,PVRW,,,,91,48,43,41
01207032115,3,эLs,PWRT,,,,97,48,49,33
01207032116,3,эLs,PWRW,,,,149,73,76,75
01207032117,3,эLs,PXRT,,,,77,33,44,32
01207032118,3,эLs,PWRT,,,,174,81,93,58
01207032119,3,эLs,PXRV,,,,106,48,58,38
01207032120,3,эLs,PXRW,,,,123,61,62,50
01207032121,3,эLs,PTRV,,,,73,33,40,37
012070322,2,эLs,c,,,,586,307,279,203
012070331,2,эLs,T,,,,2488,1211,1277,1253
01207033101,3,эLs,TRX,,,,74,36,38,32
01207033102,3,эLs,URX,,,,121,61,60,69
01207033103,3,эLs,VRX,,,,209,93,116,99
01207033104,3,эLs,WRX,,,,103,50,53,45
01207033105,3,эLs,TSO,,,,27,14,13,14
01207033106,3,эLs,USO,,,,118,62,56,56
01207033107,3,эLs,VSO,,,,112,52,60,47
01207033108,3,эLs,WSO,,,,101,48,53,53
01207033109,3,эLs,USP,,,,2,1,1,1
01207033110,3,эLs,VSP,,,,2,1,1,1
01207033111,3,эLs,WSP,,,,111,66,45,65
01207033112,3,эLs,XRX,,,,199,95,104,79
01207033113,3,эLs,PORX,,,,160,76,84,83
01207033114,3,эLs,PPRX,,,,41,21,20,22
01207033115,3,эLs,XSO,,,,91,43,48,35
01207033116,3,эLs,POSO,,,,228,124,104,122
01207033117,3,эLs,PPSO,,,,152,72,80,81
01207033118,3,эLs,PQSO,,,,203,99,104,104
01207033119,3,эLs,XSP,,,,103,46,57,45
01207033120,3,эLs,POSP,,,,77,43,34,37
01207033121,3,эLs,PPSP,,,,166,68,98,106
01207033122,3,эLs,PQSP,,,,88,40,48,57
012070332,2,эLs,c,,,,1433,724,709,578
01207033252,3,эLs,c,,,,1281,651,630,530
01207033253,3,эLs,c,,,,152,73,79,48
012070340,2,эLs,,,,,1964,886,1078,880
012070350,2,эLs,,,,,2576,1182,1394,1156
