KEY_CODE,HYOSYO,CITYNAME,NAME,HTKSYORI,HTKSAKI,GASSAN,T000572001,T000572002,T000572003,T000572004
,,,,,,,l,j,,ё
01109,1,Dys,,,,,139644,65899,73745,55050
011091900,2,Dys,{,,,,3,1,2,1
011092000,2,Dys,xu,,,,-,-,-,-
011092100,2,Dys,R,,,,268,91,177,11
011092200,2,Dys,u,,,,-,-,-,-
011092400,2,Dys,R,,,,686,300,386,172
011092500,2,Dys,Oc,,,,342,179,163,88
011092701,2,Dys,{,,,,1299,582,717,705
01109270101,3,Dys,{P,,,,437,206,231,256
01109270102,3,Dys,{Q,,,,496,223,273,244
01109270103,3,Dys,{R,,,,334,141,193,177
01109270104,3,Dys,{S,,,,32,12,20,28
011092702,2,Dys,{,,,,2748,1189,1559,1323
01109270201,3,Dys,{P,,,,264,115,149,155
01109270202,3,Dys,{Q,,,,241,92,149,155
01109270203,3,Dys,{R,,,,608,261,347,266
01109270204,3,Dys,{S,,,,610,272,338,317
01109270205,3,Dys,{T,,,,1025,449,576,430
011092703,2,Dys,{O,,,,1264,564,700,574
01109270301,3,Dys,{OP,,,,375,175,200,207
01109270302,3,Dys,{OQ,,,,220,95,125,83
01109270303,3,Dys,{OR,,,,233,108,125,106
01109270304,3,Dys,{OS,,,,436,186,250,178
011092704,2,Dys,{l,,,,765,337,428,335
01109270401,3,Dys,{lP,,,,132,64,68,54
01109270402,3,Dys,{lQ,,,,242,96,146,110
01109270403,3,Dys,{lR,,,,175,87,88,78
01109270404,3,Dys,{lS,,,,216,90,126,93
011092705,2,Dys,{܏,,,,1529,719,810,580
01109270501,3,Dys,{܏P,,,,295,139,156,116
01109270502,3,Dys,{܏Q,,,,553,262,291,198
01109270503,3,Dys,{܏R,,,,183,77,106,76
01109270504,3,Dys,{܏S,,,,498,241,257,190
011092706,2,Dys,{Z,,,,18,8,10,7
01109270603,3,Dys,{ZR,,,,18,8,10,7
01109270604,3,Dys,{ZS,,,,-,-,-,-
011093101,2,Dys,xu,,,,3609,1721,1888,1555
01109310103,3,Dys,xuR,,,,274,132,142,144
01109310104,3,Dys,xuS,,,,1106,523,583,437
01109310105,3,Dys,xuT,,,,717,337,380,298
01109310106,3,Dys,xuU,,,,799,400,399,347
01109310107,3,Dys,xuV,,,,713,329,384,329
011093102,2,Dys,xu,,,,4095,1893,2202,1729
01109310202,3,Dys,xuQ,,,,407,187,220,165
01109310203,3,Dys,xuR,,,,923,427,496,412
01109310204,3,Dys,xuS,,,,1231,574,657,493
01109310205,3,Dys,xuT,,,,674,329,345,271
01109310206,3,Dys,xuU,,,,324,149,175,127
01109310207,3,Dys,xuV,,,,536,227,309,261
011093103,2,Dys,xuO,,,,3170,1459,1711,1288
01109310301,3,Dys,xuOP,,,,451,209,242,177
01109310302,3,Dys,xuOQ,,,,240,111,129,92
01109310303,3,Dys,xuOR,,,,311,138,173,131
01109310304,3,Dys,xuOS,,,,584,273,311,217
01109310305,3,Dys,xuOT,,,,598,274,324,253
01109310306,3,Dys,xuOU,,,,451,188,263,202
01109310307,3,Dys,xuOV,,,,535,266,269,216
011093104,2,Dys,xul,,,,1590,719,871,610
01109310401,3,Dys,xulP,,,,214,101,113,70
01109310402,3,Dys,xulQ,,,,190,86,104,68
01109310403,3,Dys,xulR,,,,120,51,69,50
01109310404,3,Dys,xulS,,,,383,175,208,149
01109310405,3,Dys,xulT,,,,157,69,88,70
01109310406,3,Dys,xulU,,,,331,150,181,127
01109310407,3,Dys,xulV,,,,195,87,108,76
011093105,2,Dys,xu܏,,,,1500,730,770,567
01109310502,3,Dys,xu܏Q,,,,245,114,131,87
01109310503,3,Dys,xu܏R,,,,94,50,44,39
01109310504,3,Dys,xu܏S,,,,568,273,295,221
01109310505,3,Dys,xu܏T,,,,365,184,181,137
01109310506,3,Dys,xu܏U,,,,98,50,48,33
01109310507,3,Dys,xu܏V,,,,130,59,71,50
011093106,2,Dys,xuZ,,,,543,265,278,192
01109310602,3,Dys,xuZQ,,,,-,-,-,-
01109310603,3,Dys,xuZR,,,,4,2,2,1
01109310604,3,Dys,xuZS,,,,389,187,202,136
01109310607,3,Dys,xuZV,,,,150,76,74,55
011093201,2,Dys,Oc,,,,3317,1525,1792,1380
01109320101,3,Dys,OcP,,,,190,95,95,79
01109320102,3,Dys,OcQ,,,,278,133,145,104
01109320103,3,Dys,OcR,,,,358,164,194,127
01109320104,3,Dys,OcS,,,,322,154,168,121
01109320105,3,Dys,OcT,,,,-,-,-,-
01109320106,3,Dys,OcU,,,,113,52,61,48
01109320107,3,Dys,OcV,,,,489,208,281,214
01109320108,3,Dys,OcW,,,,400,181,219,164
01109320109,3,Dys,OcX,,,,338,160,178,152
01109320110,3,Dys,OcPO,,,,479,222,257,189
01109320111,3,Dys,OcPP,,,,-,-,-,-
01109320112,3,Dys,OcPQ,,,,350,156,194,182
011093202,2,Dys,Oc,,,,3445,1611,1834,1394
01109320201,3,Dys,OcP,,,,1,-,1,1
01109320202,3,Dys,OcQ,,,,205,98,107,73
01109320203,3,Dys,OcR,,,,323,151,172,124
01109320204,3,Dys,OcS,,,,977,474,503,376
01109320207,3,Dys,OcV,,,,291,145,146,104
01109320208,3,Dys,OcW,,,,279,120,159,100
01109320209,3,Dys,OcX,,,,304,138,166,128
01109320210,3,Dys,OcPO,,,,11,4,7,3
01109320211,3,Dys,OcPP,,,,621,277,344,311
01109320212,3,Dys,OcPQ,,,,335,161,174,135
01109320213,3,Dys,OcPR,,,,98,43,55,39
011093203,2,Dys,OcO,,,,1841,864,977,679
01109320303,3,Dys,OcOR,,,,420,217,203,146
01109320304,3,Dys,OcOS,,,,561,245,316,205
01109320307,3,Dys,OcOV,,,,256,130,126,98
01109320308,3,Dys,OcOW,,,,306,138,168,108
01109320309,3,Dys,OcOX,,,,210,96,114,87
01109320310,3,Dys,OcOPO,,,,88,38,50,35
011093204,2,Dys,Ocl,,,,4132,1950,2182,1703
01109320404,3,Dys,OclS,,,,437,210,227,162
01109320405,3,Dys,OclT,,,,84,46,38,52
01109320406,3,Dys,OclU,,,,634,285,349,266
01109320407,3,Dys,OclV,,,,-,-,-,-
01109320408,3,Dys,OclW,,,,397,179,218,148
01109320409,3,Dys,OclX,,,,404,199,205,158
01109320410,3,Dys,OclPO,,,,373,179,194,166
01109320411,3,Dys,OclPP,,,,246,115,131,107
01109320412,3,Dys,OclPQ,,,,409,192,217,160
01109320413,3,Dys,OclPR,,,,487,226,261,202
01109320414,3,Dys,OclPS,,,,399,205,194,170
01109320415,3,Dys,OclPT,,,,262,114,148,112
011093205,2,Dys,Oc܏,,,,4047,1864,2183,1634
01109320504,3,Dys,Oc܏S,,,,124,63,61,50
01109320505,3,Dys,Oc܏T,,,,323,147,176,132
01109320506,3,Dys,Oc܏U,,,,432,182,250,170
01109320507,3,Dys,Oc܏V,,,,78,38,40,41
01109320508,3,Dys,Oc܏W,,,,1210,581,629,441
01109320509,3,Dys,Oc܏X,,,,348,153,195,135
01109320510,3,Dys,Oc܏PO,,,,195,92,103,81
01109320511,3,Dys,Oc܏PP,,,,357,162,195,164
01109320512,3,Dys,Oc܏PQ,,,,255,117,138,105
01109320513,3,Dys,Oc܏PR,,,,78,35,43,29
01109320514,3,Dys,Oc܏PS,,,,242,114,128,116
01109320515,3,Dys,Oc܏PT,,,,405,180,225,170
011093206,2,Dys,OcZ,,,,3788,1892,1896,1565
01109320605,3,Dys,OcZT,,,,181,90,91,74
01109320606,3,Dys,OcZU,,,,189,92,97,70
01109320607,3,Dys,OcZV,,,,191,84,107,83
01109320608,3,Dys,OcZW,,,,81,39,42,37
01109320609,3,Dys,OcZX,,,,290,139,151,116
01109320610,3,Dys,OcZPO,,,,290,138,152,129
01109320611,3,Dys,OcZPP,,,,59,28,31,26
01109320612,3,Dys,OcZPQ,,,,87,40,47,29
01109320613,3,Dys,OcZPR,,,,508,260,248,155
01109320614,3,Dys,OcZPS,,,,470,246,224,240
01109320615,3,Dys,OcZPT,,,,719,351,368,263
01109320616,3,Dys,OcZPU,,,,723,385,338,343
011093207,2,Dys,Oc,,,,4605,2200,2405,2004
01109320706,3,Dys,OcU,,,,360,166,194,123
01109320707,3,Dys,OcV,,,,281,130,151,102
01109320708,3,Dys,OcW,,,,275,136,139,109
01109320709,3,Dys,OcX,,,,385,182,203,164
01109320710,3,Dys,OcPO,,,,568,260,308,233
01109320711,3,Dys,OcPP,,,,-,-,-,-
01109320712,3,Dys,OcPQ,,,,1274,547,727,513
01109320713,3,Dys,OcPR,,,,217,113,104,112
01109320714,3,Dys,OcPS,,,,345,219,126,232
01109320715,3,Dys,OcPT,,,,116,55,61,43
01109320717,3,Dys,OcPV,,,,560,290,270,281
01109320718,3,Dys,OcPW,,,,224,102,122,92
011093208,2,Dys,Oc,,,,4783,2425,2358,2061
01109320808,3,Dys,OcW,,,,587,270,317,212
01109320809,3,Dys,OcX,,,,603,292,311,234
01109320810,3,Dys,OcPO,,,,520,261,259,229
01109320811,3,Dys,OcPP,,,,171,78,93,63
01109320812,3,Dys,OcPQ,,,,136,64,72,50
01109320813,3,Dys,OcPR,,,,181,105,76,94
01109320814,3,Dys,OcPS,,,,284,167,117,160
01109320815,3,Dys,OcPT,,,,824,426,398,365
01109320817,3,Dys,OcPV,,,,534,283,251,260
01109320818,3,Dys,OcPW,,,,572,284,288,229
01109320819,3,Dys,OcPX,,,,371,195,176,165
011093209,2,Dys,Oc,,,,3823,1892,1931,1609
01109320909,3,Dys,OcX,,,,551,261,290,213
01109320910,3,Dys,OcPO,,,,375,170,205,143
01109320911,3,Dys,OcPP,,,,539,256,283,212
01109320912,3,Dys,OcPQ,,,,401,184,217,163
01109320913,3,Dys,OcPR,,,,178,83,95,89
01109320914,3,Dys,OcPS,,,,246,164,82,151
01109320915,3,Dys,OcPT,,,,534,258,276,184
01109320916,3,Dys,OcPU,,,,5,3,2,2
01109320917,3,Dys,OcPV,,,,328,175,153,169
01109320918,3,Dys,OcPW,,,,276,146,130,123
01109320919,3,Dys,OcPX,,,,390,192,198,160
011093210,2,Dys,Oc\,,,,3181,1542,1639,1209
01109321009,3,Dys,Oc\X,,,,109,49,60,41
01109321010,3,Dys,Oc\PO,,,,376,180,196,134
01109321011,3,Dys,Oc\PP,,,,198,102,96,75
01109321012,3,Dys,Oc\PQ,,,,122,62,60,56
01109321013,3,Dys,Oc\PR,,,,89,42,47,33
01109321014,3,Dys,Oc\PS,,,,182,102,80,102
01109321015,3,Dys,Oc\PT,,,,511,247,264,178
01109321016,3,Dys,Oc\PU,,,,38,15,23,13
01109321017,3,Dys,Oc\PV,,,,240,109,131,97
01109321018,3,Dys,Oc\PW,,,,137,67,70,52
01109321019,3,Dys,Oc\PX,,,,725,347,378,270
01109321020,3,Dys,Oc\QO,,,,454,220,234,158
011093211,2,Dys,Oc\,,,,474,229,245,174
011093212,2,Dys,Oc\,,,,499,233,266,172
011093213,2,Dys,Oc\O,,,,607,310,297,220
011093301,2,Dys,,,,,1072,513,559,442
01109330101,3,Dys,P,,,,966,465,501,374
01109330102,3,Dys,Q,,,,106,48,58,68
01109330103,3,Dys,R,,,,-,-,-,-
011093302,2,Dys,,,,,2591,1189,1402,1061
01109330201,3,Dys,P,,,,643,288,355,290
01109330202,3,Dys,Q,,,,1025,484,541,415
01109330203,3,Dys,R,,,,313,152,161,137
01109330204,3,Dys,S,,,,-,-,-,-
01109330205,3,Dys,T,,,,610,265,345,219
011093303,2,Dys,O,,,,1590,806,784,743
01109330301,3,Dys,OP,,,,322,151,171,139
01109330302,3,Dys,OQ,,,,379,190,189,160
01109330303,3,Dys,OR,,,,889,465,424,444
011093304,2,Dys,l,,,,1677,809,868,701
01109330401,3,Dys,lP,,,,365,172,193,146
01109330402,3,Dys,lQ,,,,467,226,241,190
01109330403,3,Dys,lR,,,,845,411,434,365
011093305,2,Dys,܏,,,,1602,703,899,604
01109330501,3,Dys,܏P,,,,211,98,113,93
01109330502,3,Dys,܏Q,,,,498,156,342,121
01109330503,3,Dys,܏R,,,,893,449,444,390
01109330504,3,Dys,܏S,,,,-,-,-,-
01109330505,3,Dys,܏T,,,,-,-,-,-
011093306,2,Dys,Z,,,,1338,674,664,609
01109330601,3,Dys,ZP,,,,361,169,192,134
01109330602,3,Dys,ZQ,,,,435,218,217,199
01109330603,3,Dys,ZR,,,,542,287,255,276
011093307,2,Dys,,,,,1055,506,549,433
01109330701,3,Dys,P,,,,422,200,222,170
01109330702,3,Dys,Q,,,,413,201,212,165
01109330703,3,Dys,R,,,,220,105,115,98
011093308,2,Dys,,,,,770,346,424,320
01109330801,3,Dys,P,,,,410,181,229,169
01109330802,3,Dys,Q,,,,360,165,195,151
011093309,2,Dys,,,,,737,350,387,280
01109330901,3,Dys,P,,,,460,219,241,176
01109330902,3,Dys,Q,,,,277,131,146,104
011093310,2,Dys,\,,,,473,222,251,199
01109331001,3,Dys,\P,,,,249,115,134,111
01109331002,3,Dys,\Q,,,,224,107,117,88
011093311,2,Dys,\,,,,1292,507,785,395
01109331101,3,Dys,\P,,,,620,268,352,289
01109331102,3,Dys,\Q,,,,672,239,433,106
011093312,2,Dys,\,,,,1479,645,834,683
01109331201,3,Dys,\P,,,,1241,530,711,588
01109331202,3,Dys,\Q,,,,238,115,123,95
011093401,2,Dys,,,,,4178,1969,2209,1765
01109340101,3,Dys,P,,,,883,407,476,411
01109340102,3,Dys,Q,,,,503,238,265,226
01109340103,3,Dys,R,,,,360,174,186,143
01109340104,3,Dys,S,,,,199,106,93,78
01109340105,3,Dys,T,,,,155,78,77,57
01109340106,3,Dys,U,,,,784,367,417,303
01109340107,3,Dys,V,,,,1008,464,544,421
01109340108,3,Dys,W,,,,286,135,151,126
011093402,2,Dys,,,,,2923,1386,1537,1208
01109340201,3,Dys,P,,,,256,111,145,119
01109340202,3,Dys,Q,,,,393,189,204,166
01109340203,3,Dys,R,,,,270,131,139,103
01109340204,3,Dys,S,,,,276,122,154,94
01109340205,3,Dys,T,,,,267,122,145,105
01109340206,3,Dys,U,,,,491,229,262,199
01109340207,3,Dys,V,,,,682,344,338,302
01109340208,3,Dys,W,,,,288,138,150,120
011093403,2,Dys,O,,,,2075,993,1082,855
01109340301,3,Dys,OP,,,,186,95,91,94
01109340302,3,Dys,OQ,,,,444,220,224,188
01109340303,3,Dys,OR,,,,203,89,114,89
01109340304,3,Dys,OS,,,,142,69,73,43
01109340305,3,Dys,OT,,,,326,160,166,131
01109340306,3,Dys,OU,,,,568,267,301,231
01109340307,3,Dys,OV,,,,206,93,113,79
011093404,2,Dys,l,,,,3261,1534,1727,1214
01109340401,3,Dys,lP,,,,-,-,-,-
01109340402,3,Dys,lQ,,,,452,230,222,177
01109340403,3,Dys,lR,,,,442,198,244,179
01109340404,3,Dys,lS,,,,843,404,439,306
01109340405,3,Dys,lT,,,,442,201,241,158
01109340406,3,Dys,lU,,,,733,343,390,264
01109340407,3,Dys,lV,,,,349,158,191,130
011093405,2,Dys,܏,,,,709,302,407,190
01109340502,3,Dys,܏Q,,,,285,81,204,39
01109340503,3,Dys,܏R,,,,160,89,71,51
01109340504,3,Dys,܏S,,,,-,-,-,-
01109340505,3,Dys,܏T,,,,-,-,-,-
01109340506,3,Dys,܏U,,,,106,52,54,39
01109340507,3,Dys,܏V,,,,158,80,78,61
011093501,2,Dys,u,,,,6115,2790,3325,2350
01109350101,3,Dys,uP,,,,733,354,379,286
01109350102,3,Dys,uQ,,,,577,284,293,214
01109350103,3,Dys,uR,,,,1355,604,751,561
01109350104,3,Dys,uS,,,,875,348,527,332
01109350105,3,Dys,uT,,,,449,204,245,151
01109350106,3,Dys,uU,,,,682,323,359,253
01109350107,3,Dys,uV,,,,638,295,343,253
01109350108,3,Dys,uW,,,,806,378,428,300
01109350109,3,Dys,uX,,,,-,-,-,-
011093502,2,Dys,u,,,,4518,2120,2398,1646
01109350201,3,Dys,uP,,,,978,469,509,364
01109350202,3,Dys,uQ,,,,590,262,328,228
01109350203,3,Dys,uR,,,,615,267,348,227
01109350204,3,Dys,uS,,,,367,170,197,134
01109350205,3,Dys,uT,,,,774,379,395,272
01109350206,3,Dys,uU,,,,511,253,258,186
01109350207,3,Dys,uV,,,,262,119,143,90
01109350208,3,Dys,uW,,,,421,201,220,145
01109350209,3,Dys,uX,,,,-,-,-,-
011093503,2,Dys,uO,,,,2934,1399,1535,1041
01109350304,3,Dys,uOS,,,,297,138,159,107
01109350305,3,Dys,uOT,,,,488,233,255,176
01109350306,3,Dys,uOU,,,,706,344,362,263
01109350307,3,Dys,uOV,,,,591,276,315,229
01109350308,3,Dys,uOW,,,,394,199,195,125
01109350309,3,Dys,uOX,,,,458,209,249,141
011094201,2,Dys,{̑,,,,2350,1032,1318,738
01109420101,3,Dys,{̑P,,,,13,13,-,13
01109420102,3,Dys,{̑Q,,,,-,-,-,-
01109420103,3,Dys,{̑R,,,,510,234,276,199
01109420104,3,Dys,{̑S,,,,1501,623,878,399
01109420105,3,Dys,{̑T,,,,326,162,164,127
011094202,2,Dys,{̑,,,,2196,1064,1132,857
01109420201,3,Dys,{̑P,,,,41,21,20,22
01109420202,3,Dys,{̑Q,,,,25,10,15,11
01109420203,3,Dys,{̑R,,,,1012,494,518,401
01109420204,3,Dys,{̑S,,,,799,393,406,314
01109420205,3,Dys,{̑T,,,,319,146,173,109
011094203,2,Dys,{̑O,,,,1388,689,699,551
01109420301,3,Dys,{̑OP,,,,623,292,331,250
01109420302,3,Dys,{̑OQ,,,,296,154,142,112
01109420303,3,Dys,{̑OR,,,,469,243,226,189
011094204,2,Dys,{̑l,,,,3263,1458,1805,1215
01109420401,3,Dys,{̑lP,,,,475,212,263,191
01109420402,3,Dys,{̑lQ,,,,177,74,103,116
01109420403,3,Dys,{̑lR,,,,1625,700,925,594
01109420404,3,Dys,{̑lS,,,,936,446,490,294
01109420405,3,Dys,{̑lT,,,,50,26,24,20
011094205,2,Dys,{̑܏,,,,1210,592,618,464
01109420501,3,Dys,{̑܏P,,,,880,433,447,325
01109420502,3,Dys,{̑܏Q,,,,330,159,171,139
011094206,2,Dys,{̑Z,,,,836,401,435,318
01109420601,3,Dys,{̑ZP,,,,554,274,280,207
01109420602,3,Dys,{̑ZQ,,,,282,127,155,111
011094401,2,Dys,V,,,,474,222,252,160
01109440101,3,Dys,VP,,,,236,113,123,70
01109440102,3,Dys,VQ,,,,-,-,-,-
01109440103,3,Dys,VR,,,,238,109,129,90
011094402,2,Dys,V,,,,693,346,347,249
01109440201,3,Dys,VP,,,,-,-,-,-
01109440202,3,Dys,VQ,,,,218,101,117,75
01109440203,3,Dys,VR,,,,356,186,170,129
01109440204,3,Dys,VS,,,,107,53,54,39
01109440205,3,Dys,VT,,,,12,6,6,6
011094403,2,Dys,VO,,,,1725,835,890,669
01109440301,3,Dys,VOP,,,,544,273,271,224
01109440302,3,Dys,VOQ,,,,373,179,194,147
01109440303,3,Dys,VOR,,,,393,184,209,136
01109440304,3,Dys,VOS,,,,178,82,96,66
01109440305,3,Dys,VOT,,,,237,117,120,96
011094404,2,Dys,Vl,,,,1870,894,976,732
01109440401,3,Dys,VlP,,,,39,23,16,20
01109440402,3,Dys,VlQ,,,,-,-,-,-
01109440403,3,Dys,VlR,,,,517,250,267,202
01109440404,3,Dys,VlS,,,,280,129,151,115
01109440405,3,Dys,VlT,,,,591,278,313,216
01109440406,3,Dys,VlU,,,,443,214,229,179
011094405,2,Dys,V܏,,,,3841,1864,1977,1491
01109440501,3,Dys,V܏P,,,,312,160,152,136
01109440502,3,Dys,V܏Q,,,,860,431,429,352
01109440503,3,Dys,V܏R,,,,341,155,186,113
01109440504,3,Dys,V܏S,,,,154,74,80,60
01109440505,3,Dys,V܏T,,,,631,300,331,233
01109440506,3,Dys,V܏U,,,,592,283,309,218
01109440507,3,Dys,V܏V,,,,447,215,232,170
01109440508,3,Dys,V܏W,,,,383,183,200,156
01109440509,3,Dys,V܏X,,,,121,63,58,53
011094406,2,Dys,VZ,,,,4350,2087,2263,1568
01109440601,3,Dys,VZP,,,,152,71,81,62
01109440602,3,Dys,VZQ,,,,301,149,152,98
01109440603,3,Dys,VZR,,,,360,166,194,121
01109440604,3,Dys,VZS,,,,441,219,222,166
01109440605,3,Dys,VZT,,,,634,288,346,234
01109440606,3,Dys,VZU,,,,399,190,209,160
01109440607,3,Dys,VZV,,,,440,210,230,156
01109440608,3,Dys,VZW,,,,546,266,280,193
01109440609,3,Dys,VZX,,,,756,372,384,273
01109440610,3,Dys,VZPO,,,,321,156,165,105
011094407,2,Dys,V,,,,3375,1647,1728,1189
01109440701,3,Dys,VP,,,,263,137,126,91
01109440702,3,Dys,VQ,,,,197,101,96,79
01109440703,3,Dys,VR,,,,179,86,93,56
01109440704,3,Dys,VS,,,,443,227,216,162
01109440705,3,Dys,VT,,,,349,162,187,126
01109440706,3,Dys,VU,,,,445,219,226,149
01109440707,3,Dys,VV,,,,200,91,109,62
01109440708,3,Dys,VW,,,,319,147,172,125
01109440709,3,Dys,VX,,,,332,153,179,121
01109440710,3,Dys,VPO,,,,381,191,190,141
01109440711,3,Dys,VPP,,,,267,133,134,77
011094601,2,Dys,R,,,,2657,1272,1385,895
01109460101,3,Dys,RP,,,,570,299,271,227
01109460102,3,Dys,RQ,,,,916,414,502,234
01109460103,3,Dys,RR,,,,891,434,457,317
01109460104,3,Dys,RS,,,,280,125,155,117
011094602,2,Dys,R,,,,1165,570,595,420
01109460201,3,Dys,RP,,,,351,167,184,137
01109460202,3,Dys,RQ,,,,199,96,103,72
01109460203,3,Dys,RR,,,,476,238,238,164
01109460204,3,Dys,RS,,,,139,69,70,47
011094603,2,Dys,RO,,,,533,242,291,218
01109460301,3,Dys,ROP,,,,273,125,148,118
01109460302,3,Dys,ROQ,,,,251,112,139,96
01109460303,3,Dys,ROR,,,,9,5,4,4
011094700,2,Dys,u,,,,590,278,312,241
01109470001,3,Dys,uP,,,,288,135,153,114
01109470002,3,Dys,uQ,,,,155,71,84,61
01109470003,3,Dys,uR,,,,143,70,73,65
01109470004,3,Dys,uS,,,,4,2,2,1
011094800,2,Dys,,,,,2768,1349,1419,795
01109480001,3,Dys,P,,,,710,352,358,210
01109480002,3,Dys,Q,,,,374,177,197,112
01109480003,3,Dys,R,,,,330,148,182,67
01109480004,3,Dys,S,,,,604,308,296,177
01109480005,3,Dys,T,,,,635,310,325,196
01109480006,3,Dys,U,,,,115,54,61,33
