KEY_CODE,HYOSYO,CITYNAME,NAME,HTKSYORI,HTKSAKI,GASSAN,T000572001,T000572002,T000572003,T000572004
,,,,,,,l,j,,ё
01214,1,ts,,,,,39595,19315,20280,17343
012140110,2,ts,,,,,1592,748,844,773
01214011001,3,ts,P,,,,298,146,152,156
01214011002,3,ts,Q,,,,316,148,168,149
01214011003,3,ts,R,,,,232,106,126,109
01214011004,3,ts,S,,,,507,234,273,233
01214011005,3,ts,T,,,,239,114,125,126
012140210,2,ts,,,,,2427,1115,1312,1104
01214021001,3,ts,󗈂P,,,,316,164,152,159
01214021002,3,ts,󗈂Q,,,,388,178,210,181
01214021003,3,ts,󗈂R,,,,492,230,262,211
01214021004,3,ts,󗈂S,,,,546,252,294,229
01214021005,3,ts,󗈂T,,,,685,291,394,324
012140310,2,ts,b{,,,,2041,969,1072,889
01214031001,3,ts,b{P,,,,576,261,315,268
01214031002,3,ts,b{Q,,,,410,186,224,181
01214031003,3,ts,b{R,,,,313,146,167,129
01214031004,3,ts,b{S,,,,450,220,230,179
01214031005,3,ts,b{T,,,,292,156,136,132
012140410,2,ts,mVbv,,,,538,332,206,169
01214041000,3,ts,mVbv,,,,131,127,4,3
01214041001,3,ts,mVbvP,,,,200,101,99,79
01214041002,3,ts,mVbvQ,,,,143,74,69,56
01214041003,3,ts,mVbvR,,,,55,25,30,27
01214041004,3,ts,mVbvS,,,,7,3,4,3
01214041005,3,ts,mVbvT,,,,2,2,-,1
012140510,2,ts,xm,,,,490,193,297,193
01214051001,3,ts,xmP,,,,1,1,-,1
01214051002,3,ts,xmQ,,,,12,7,5,5
01214051003,3,ts,xmR,,,,7,4,3,3
01214051004,3,ts,xmS,,,,62,30,32,30
01214051005,3,ts,xmT,,,,408,151,257,154
012140610,2,ts,`,,,,2313,1114,1199,1156
01214061001,3,ts,`P,,,,261,140,121,147
01214061002,3,ts,`Q,,,,426,202,224,223
01214061003,3,ts,`R,,,,659,302,357,317
01214061004,3,ts,`S,,,,488,235,253,235
01214061005,3,ts,`T,,,,479,235,244,234
012140710,2,ts,单,,,,1504,772,732,864
01214071001,3,ts,单P,,,,236,100,136,136
01214071002,3,ts,单Q,,,,251,107,144,135
01214071003,3,ts,单R,,,,383,190,193,201
01214071004,3,ts,单S,,,,324,188,136,190
01214071005,3,ts,单T,,,,310,187,123,202
012140810,2,ts,,,,,1670,821,849,784
01214081001,3,ts,P,,,,422,220,202,225
01214081002,3,ts,Q,,,,466,217,249,207
01214081003,3,ts,R,,,,429,216,213,200
01214081004,3,ts,S,,,,268,130,138,115
01214081005,3,ts,T,,,,85,38,47,37
012140910,2,ts,͂܂Ȃ,,,,909,451,458,436
01214091001,3,ts,͂܂ȂP,,,,434,212,222,213
01214091002,3,ts,͂܂ȂQ,,,,378,186,192,175
01214091003,3,ts,͂܂ȂR,,,,81,45,36,41
01214091004,3,ts,͂܂ȂS,,,,10,5,5,4
01214091005,3,ts,͂܂ȂT,,,,6,3,3,3
012141010,2,ts,,,,,6015,2917,3098,2511
01214101001,3,ts,΂P,,,,716,347,369,320
01214101002,3,ts,΂Q,,,,554,265,289,269
01214101003,3,ts,΂R,,,,548,245,303,237
01214101004,3,ts,΂S,,,,603,285,318,251
01214101005,3,ts,΂T,,,,2109,1057,1052,848
01214101006,3,ts,΂U,,,,1485,718,767,586
012141110,2,ts,܂ǂ,,,,2016,1022,994,869
01214111001,3,ts,܂ǂP,,,,311,182,129,171
01214111002,3,ts,܂ǂQ,,,,95,44,51,28
01214111003,3,ts,܂ǂR,,,,277,135,142,122
01214111004,3,ts,܂ǂS,,,,357,177,180,152
01214111005,3,ts,܂ǂT,,,,976,484,492,396
012141210,2,ts,h,,,,3112,1508,1604,1294
01214121001,3,ts,hP,,,,1557,760,797,577
01214121002,3,ts,hQ,,,,378,183,195,168
01214121003,3,ts,hR,,,,473,217,256,211
01214121004,3,ts,hS,,,,494,233,261,223
01214121005,3,ts,hT,,,,210,115,95,115
012141310,2,ts,,,,,3917,1936,1981,1702
01214131001,3,ts,P,,,,414,197,217,188
01214131002,3,ts,Q,,,,455,225,230,202
01214131003,3,ts,R,,,,810,407,403,350
01214131004,3,ts,S,,,,714,352,362,303
01214131005,3,ts,T,,,,1524,755,769,659
012141510,2,ts,L,,,,1467,729,738,776
01214151001,3,ts,LP,,,,64,42,22,28
01214151002,3,ts,LQ,,,,168,89,79,101
01214151003,3,ts,LR,,,,327,155,172,164
01214151004,3,ts,LS,,,,292,143,149,152
01214151005,3,ts,LT,,,,616,300,316,331
012141610,2,ts,J^,,,,132,51,81,75
01214161001,3,ts,J^P,,,,-,-,-,-
01214161002,3,ts,J^Q,,,,132,51,81,75
012141710,2,ts,V`,,,,9,-,9,9
012141810,2,ts,x,,,,3933,1909,2024,1614
01214181001,3,ts,xP,,,,314,147,167,130
01214181002,3,ts,xQ,,,,1059,530,529,453
01214181003,3,ts,xR,,,,763,349,414,318
01214181004,3,ts,xS,,,,959,455,504,384
01214181005,3,ts,xT,,,,740,379,361,295
01214181006,3,ts,xU,,,,98,49,49,34
012141910,2,ts,,,,,1525,777,748,677
01214191001,3,ts,P,,,,86,47,39,37
01214191002,3,ts,Q,,,,481,237,244,209
01214191003,3,ts,R,,,,52,31,21,27
01214191004,3,ts,S,,,,3,2,1,2
01214191005,3,ts,T,,,,410,203,207,199
01214191006,3,ts,U,,,,493,257,236,203
012142011,2,ts,t,,,,222,108,114,75
012142012,2,ts,t,,,,26,13,13,11
01214201200,3,ts,t,,,,3,2,1,1
01214201201,3,ts,tP,,,,23,11,12,10
01214201202,3,ts,tQ,,,,-,-,-,-
01214201203,3,ts,tR,,,,-,-,-,-
012142110,2,ts,VL,,,,-,-,-,-
012142210,2,ts,V,,,,-,-,-,-
012142310,2,ts,l,,,,174,88,86,72
01214231001,3,ts,lP,,,,41,23,18,14
01214231002,3,ts,lQ,,,,61,31,30,24
01214231003,3,ts,lR,,,,27,13,14,13
01214231004,3,ts,lS,,,,45,21,24,21
012144000,2,ts,厚t,,,,-,-,-,-
012144501,2,ts,,,,,1120,528,592,424
01214450101,3,ts,P,,,,36,17,19,16
01214450102,3,ts,Q,,,,220,101,119,95
01214450103,3,ts,R,,,,289,137,152,121
01214450104,3,ts,S,,,,143,67,76,64
01214450105,3,ts,T,,,,432,206,226,128
012144502,2,ts,厚⑺,,,,858,416,442,329
01214450201,3,ts,厚⑺,,,,1,1,-,1
01214450202,3,ts,厚⑺bk,,,,96,42,54,38
01214450203,3,ts,厚⑺,,,,49,25,24,16
01214450204,3,ts,厚⑺,,,,232,112,120,101
01214450205,3,ts,厚⑺ȟ,,,,113,56,57,61
01214450206,3,ts,厚⑺쐼,,,,31,14,17,9
01214450207,3,ts,厚⑺,,,,27,14,13,10
01214450208,3,ts,厚⑺Ji,,,,16,8,8,5
01214450209,3,ts,厚⑺L,,,,26,12,14,12
01214450210,3,ts,厚⑺L,,,,28,16,12,9
01214450211,3,ts,厚⑺㐺,,,,49,21,28,15
01214450212,3,ts,厚⑺Xϓ,,,,101,49,52,29
01214450213,3,ts,厚⑺V,,,,55,27,28,15
01214450214,3,ts,厚⑺,,,,34,19,15,8
012146000,2,ts,厚C,,,,368,174,194,136
01214600001,3,ts,厚CobJC,,,,64,33,31,26
01214600002,3,ts,厚CNglxc,,,,44,22,22,13
01214600003,3,ts,厚CEm,,,,80,36,44,25
01214600004,3,ts,厚CEm,,,,161,72,89,68
01214600005,3,ts,厚C[,,,,19,11,8,4
012147001,2,ts,@J,,,,510,269,241,154
012147002,2,ts,厚@J,,,,707,355,352,247
01214700201,3,ts,厚@J@J,,,,120,53,67,59
01214700202,3,ts,厚@Jx,,,,249,122,127,85
01214700203,3,ts,厚@J㑝y,,,,15,10,5,5
01214700204,3,ts,厚@Jy,,,,45,25,20,16
01214700205,3,ts,厚@Jy,,,,34,18,16,9
01214700206,3,ts,厚@Jꐴl,,,,71,36,35,23
01214700207,3,ts,厚@J񐴕l,,,,97,48,49,19
01214700209,3,ts,厚@J喦,,,,-,-,-,-
01214700211,3,ts,厚@JY,,,,76,43,33,31
012149000,2,ts,ʒ,,,,-,-,-,-
