KEY_CODE,HYOSYO,CITYNAME,NAME,HTKSYORI,HTKSAKI,GASSAN,T000572001,T000572002,T000572003,T000572004
,,,,,,,l,j,,ё
01234,1,kLs,,,,,60353,28959,31394,22991
012340010,2,kLs,̑,,,,113,56,57,44
012340020,2,kLs,,,,,1503,725,778,746
01234002001,3,kLs,P,,,,138,76,62,63
01234002002,3,kLs,Q,,,,550,309,241,341
01234002003,3,kLs,R,,,,17,8,9,7
01234002004,3,kLs,S,,,,161,71,90,45
01234002005,3,kLs,T,,,,139,62,77,57
01234002006,3,kLs,U,,,,498,199,299,233
012340031,2,kLs,炫,,,,1457,716,741,428
01234003101,3,kLs,炫P,,,,402,196,206,117
01234003102,3,kLs,炫Q,,,,500,237,263,145
01234003103,3,kLs,炫R,,,,555,283,272,166
012340032,2,kLs,h,,,,380,206,174,95
012340040,2,kLs,x,,,,301,165,136,44
012340051,2,kLs,Vx,,,,1097,540,557,449
01234005101,3,kLs,VxP,,,,266,145,121,115
01234005102,3,kLs,VxQ,,,,308,144,164,131
01234005103,3,kLs,VxR,,,,224,110,114,86
01234005104,3,kLs,VxS,,,,299,141,158,117
012340052,2,kLs,Vx,,,,267,133,134,120
01234005201,3,kLs,VxP,,,,175,81,94,85
01234005202,3,kLs,VxQ,,,,92,52,40,35
012340060,2,kLs,k̗,,,,189,101,88,71
012340070,2,kLs,̗,,,,145,74,71,67
012340080,2,kLs,̗,,,,36,19,17,14
012340091,2,kLs,䒬,,,,1210,599,611,523
01234009101,3,kLs,䒬P,,,,160,85,75,69
01234009102,3,kLs,䒬Q,,,,164,91,73,68
01234009103,3,kLs,䒬R,,,,206,104,102,94
01234009104,3,kLs,䒬S,,,,168,87,81,72
01234009105,3,kLs,䒬T,,,,96,43,53,44
01234009106,3,kLs,䒬U,,,,143,68,75,62
01234009107,3,kLs,䒬V,,,,181,83,98,71
01234009108,3,kLs,䒬W,,,,92,38,54,43
012340092,2,kLs,䒬,,,,2166,1033,1133,851
01234009201,3,kLs,䒬P,,,,302,146,156,140
01234009202,3,kLs,䒬Q,,,,146,74,72,59
01234009203,3,kLs,䒬R,,,,192,88,104,73
01234009204,3,kLs,䒬S,,,,110,47,63,44
01234009205,3,kLs,䒬T,,,,61,32,29,25
01234009206,3,kLs,䒬U,,,,133,59,74,56
01234009207,3,kLs,䒬V,,,,118,54,64,44
01234009208,3,kLs,䒬W,,,,272,137,135,108
01234009209,3,kLs,䒬X,,,,203,97,106,72
01234009210,3,kLs,䒬PO,,,,202,83,119,62
01234009211,3,kLs,䒬PP,,,,184,89,95,65
01234009212,3,kLs,䒬PQ,,,,243,127,116,103
012340101,2,kLs,u,,,,2094,1001,1093,643
01234010101,3,kLs,uP,,,,397,192,205,124
01234010102,3,kLs,uQ,,,,161,77,84,56
01234010103,3,kLs,uR,,,,229,112,117,72
01234010104,3,kLs,uS,,,,578,283,295,182
01234010105,3,kLs,uT,,,,232,109,123,79
01234010106,3,kLs,uU,,,,429,211,218,126
01234010107,3,kLs,uV,,,,50,14,36,3
01234010108,3,kLs,uW,,,,18,3,15,1
012340102,2,kLs,̗,,,,404,211,193,160
01234010201,3,kLs,̗P,,,,201,116,85,81
01234010202,3,kLs,̗Q,,,,203,95,108,79
012340103,2,kLs,̗,,,,723,314,409,155
012340110,2,kLs,,,,,590,239,351,130
012340120,2,kLs,֌,,,,629,260,369,91
012340130,2,kLs,,,,,100,54,46,45
012340140,2,kLs,O,,,,38,18,20,18
012340150,2,kLs,m,,,,34,14,20,13
012340160,2,kLs,h,,,,2048,996,1052,873
01234016001,3,kLs,hP,,,,538,274,264,259
01234016002,3,kLs,hQ,,,,317,168,149,138
01234016003,3,kLs,hR,,,,457,213,244,195
01234016004,3,kLs,hS,,,,622,287,335,242
01234016005,3,kLs,hT,,,,114,54,60,39
012340170,2,kLs,,,,,1527,735,792,639
01234017001,3,kLs,P,,,,300,160,140,161
01234017002,3,kLs,Q,,,,148,69,79,62
01234017003,3,kLs,R,,,,241,116,125,101
01234017004,3,kLs,S,,,,301,135,166,117
01234017005,3,kLs,T,,,,204,94,110,73
01234017006,3,kLs,U,,,,333,161,172,125
012340180,2,kLs,,,,,1117,589,528,519
01234018001,3,kLs,P,,,,435,221,214,172
01234018002,3,kLs,Q,,,,244,131,113,94
01234018003,3,kLs,R,,,,427,232,195,248
01234018004,3,kLs,S,,,,1,1,-,1
01234018005,3,kLs,T,,,,10,4,6,4
012340190,2,kLs,Lt,,,,1161,526,635,489
01234019001,3,kLs,LtP,,,,156,73,83,58
01234019002,3,kLs,LtQ,,,,270,124,146,113
01234019003,3,kLs,LtR,,,,142,69,73,61
01234019004,3,kLs,LtS,,,,364,157,207,156
01234019005,3,kLs,LtT,,,,229,103,126,101
012340200,2,kLs,h,,,,674,296,378,310
01234020001,3,kLs,hP,,,,237,89,148,117
01234020002,3,kLs,hQ,,,,155,78,77,72
01234020003,3,kLs,hR,,,,201,91,110,85
01234020004,3,kLs,hS,,,,81,38,43,36
012340210,2,kLs,P,,,,1406,636,770,610
012340220,2,kLs,ki,,,,1931,866,1065,826
01234022001,3,kLs,kiP,,,,1106,491,615,473
01234022002,3,kLs,kiQ,,,,567,261,306,238
01234022003,3,kLs,kiR,,,,128,57,71,58
01234022004,3,kLs,kiS,,,,130,57,73,57
012340230,2,kLs,t,,,,1004,467,537,417
01234023001,3,kLs,tP,,,,99,40,59,43
01234023002,3,kLs,tQ,,,,525,252,273,215
01234023003,3,kLs,tR,,,,210,97,113,85
01234023004,3,kLs,tS,,,,170,78,92,74
012340240,2,kLs,쒬,,,,809,369,440,331
01234024001,3,kLs,쒬P,,,,297,142,155,116
01234024002,3,kLs,쒬Q,,,,122,51,71,51
01234024003,3,kLs,쒬R,,,,252,118,134,104
01234024004,3,kLs,쒬S,,,,138,58,80,60
012340250,2,kLs,t,,,,644,300,344,278
01234025001,3,kLs,tP,,,,139,63,76,57
01234025002,3,kLs,tQ,,,,193,90,103,84
01234025003,3,kLs,tR,,,,251,124,127,108
01234025004,3,kLs,tS,,,,61,23,38,29
012340260,2,kLs,,,,,1043,481,562,412
01234026001,3,kLs,P,,,,308,132,176,133
01234026002,3,kLs,Q,,,,503,246,257,179
01234026003,3,kLs,R,,,,232,103,129,100
012340270,2,kLs,䒬,,,,1291,599,692,536
01234027001,3,kLs,䒬P,,,,276,127,149,121
01234027002,3,kLs,䒬Q,,,,-,-,-,-
01234027003,3,kLs,䒬R,,,,212,108,104,83
01234027004,3,kLs,䒬S,,,,147,74,73,60
01234027005,3,kLs,䒬T,,,,194,90,104,79
01234027006,3,kLs,䒬U,,,,236,106,130,98
01234027007,3,kLs,䒬V,,,,226,94,132,95
012340280,2,kLs,,,,,1801,835,966,731
01234028001,3,kLs,P,,,,249,121,128,103
01234028002,3,kLs,Q,,,,365,169,196,144
01234028003,3,kLs,R,,,,260,121,139,111
01234028004,3,kLs,S,,,,241,118,123,96
01234028005,3,kLs,T,,,,229,95,134,96
01234028006,3,kLs,U,,,,162,75,87,70
01234028007,3,kLs,V,,,,295,136,159,111
012340290,2,kLs,,,,,678,295,383,294
01234029001,3,kLs,򒬂P,,,,8,3,5,4
01234029002,3,kLs,򒬂Q,,,,353,144,209,158
01234029003,3,kLs,򒬂R,,,,197,93,104,79
01234029004,3,kLs,򒬂S,,,,120,55,65,53
012340300,2,kLs,t,,,,1690,765,925,694
01234030001,3,kLs,tP,,,,217,97,120,91
01234030002,3,kLs,tQ,,,,150,66,84,59
01234030003,3,kLs,tR,,,,155,70,85,68
01234030004,3,kLs,tS,,,,191,87,104,86
01234030005,3,kLs,tT,,,,326,152,174,125
01234030006,3,kLs,tU,,,,651,293,358,265
012340310,2,kLs,Ηz,,,,471,219,252,197
01234031001,3,kLs,ΗzP,,,,176,82,94,73
01234031002,3,kLs,ΗzQ,,,,180,83,97,73
01234031003,3,kLs,ΗzR,,,,115,54,61,51
012340320,2,kLs,R蒬,,,,1635,784,851,648
01234032001,3,kLs,R蒬P,,,,197,92,105,80
01234032002,3,kLs,R蒬Q,,,,179,87,92,66
01234032003,3,kLs,R蒬R,,,,267,128,139,98
01234032004,3,kLs,R蒬S,,,,294,137,157,116
01234032005,3,kLs,R蒬T,,,,185,96,89,78
01234032006,3,kLs,R蒬U,,,,192,92,100,79
01234032007,3,kLs,R蒬V,,,,157,79,78,65
01234032008,3,kLs,R蒬W,,,,164,73,91,66
012340330,2,kLs,̗k,,,,1617,774,843,675
01234033001,3,kLs,̗kP,,,,281,139,142,126
01234033002,3,kLs,̗kQ,,,,399,194,205,167
01234033003,3,kLs,̗kR,,,,507,245,262,192
01234033004,3,kLs,̗kS,,,,196,91,105,90
01234033005,3,kLs,̗kT,,,,234,105,129,100
012340340,2,kLs,̗,,,,1913,912,1001,732
01234034001,3,kLs,̗P,,,,490,226,264,183
01234034002,3,kLs,̗Q,,,,522,239,283,222
01234034003,3,kLs,̗R,,,,330,160,170,131
01234034004,3,kLs,̗S,,,,571,287,284,196
012340350,2,kLs,]u,,,,2230,1097,1133,683
01234035001,3,kLs,]uP,,,,347,180,167,100
01234035002,3,kLs,]uQ,,,,488,234,254,153
01234035003,3,kLs,]uR,,,,345,166,179,113
01234035004,3,kLs,]uS,,,,533,262,271,171
01234035005,3,kLs,]uT,,,,517,255,262,146
012340360,2,kLs,h,,,,2401,1150,1251,924
01234036001,3,kLs,hP,,,,817,375,442,320
01234036002,3,kLs,hQ,,,,1014,494,520,394
01234036003,3,kLs,hR,,,,269,141,128,102
01234036004,3,kLs,hS,,,,301,140,161,108
012340370,2,kLs,Ȕt,,,,2859,1425,1434,979
01234037001,3,kLs,ȔtP,,,,423,201,222,154
01234037002,3,kLs,ȔtQ,,,,679,322,357,246
01234037003,3,kLs,ȔtR,,,,538,283,255,192
01234037004,3,kLs,ȔtS,,,,575,303,272,188
01234037005,3,kLs,ȔtT,,,,644,316,328,199
012340380,2,kLs,ȓ샖u,,,,2955,1487,1468,1232
01234038001,3,kLs,ȓ샖uP,,,,484,256,228,234
01234038002,3,kLs,ȓ샖uQ,,,,555,270,285,227
01234038003,3,kLs,ȓ샖uR,,,,827,403,424,338
01234038004,3,kLs,ȓ샖uS,,,,578,302,276,229
01234038005,3,kLs,ȓ샖uT,,,,511,256,255,204
012340390,2,kLs,Ȓ,,,,1118,566,552,443
01234039001,3,kLs,ȒP,,,,445,235,210,180
01234039002,3,kLs,ȒQ,,,,188,95,93,85
01234039003,3,kLs,ȒR,,,,485,236,249,178
012340400,2,kLs,ȍHƒcn,,,,46,34,12,33
01234040001,3,kLs,ȍHƒcnP,,,,16,7,9,7
01234040002,3,kLs,ȍHƒcnQ,,,,-,-,-,-
01234040003,3,kLs,ȍHƒcnR,,,,3,3,-,3
01234040004,3,kLs,ȍHƒcnS,,,,10,10,-,10
01234040005,3,kLs,ȍHƒcnT,,,,8,8,-,8
01234040006,3,kLs,ȍHƒcnU,,,,-,-,-,-
01234040007,3,kLs,ȍHƒcnV,,,,9,6,3,5
01234040008,3,kLs,ȍHƒcnW,,,,-,-,-,-
012340410,2,kLs,ȖL,,,,2626,1262,1364,895
01234041001,3,kLs,ȖLP,,,,336,175,161,105
01234041002,3,kLs,ȖLQ,,,,665,298,367,239
01234041003,3,kLs,ȖLR,,,,899,425,474,304
01234041004,3,kLs,ȖLS,,,,95,51,44,31
01234041005,3,kLs,ȖLT,,,,224,104,120,78
01234041006,3,kLs,ȖLU,,,,226,111,115,77
01234041007,3,kLs,ȖLV,,,,181,98,83,61
012340420,2,kLs,ȗ΃u,,,,3200,1586,1614,1093
01234042001,3,kLs,ȗ΃uP,,,,580,283,297,214
01234042002,3,kLs,ȗ΃uQ,,,,505,239,266,172
01234042003,3,kLs,ȗ΃uR,,,,373,185,188,136
01234042004,3,kLs,ȗ΃uS,,,,295,160,135,105
01234042005,3,kLs,ȗ΃uT,,,,433,217,216,151
01234042006,3,kLs,ȗ΃uU,,,,248,130,118,82
01234042007,3,kLs,ȗ΃uV,,,,766,372,394,233
012340430,2,kLs,Ȍ,,,,1780,853,927,537
01234043001,3,kLs,ȌP,,,,446,212,234,134
01234043002,3,kLs,ȌQ,,,,401,192,209,125
01234043003,3,kLs,ȌR,,,,330,159,171,93
01234043004,3,kLs,ȌS,,,,603,290,313,185
012340440,2,kLs,ȕ,,,,1457,709,748,558
01234044001,3,kLs,ȕ؂P,,,,36,22,14,18
01234044002,3,kLs,ȕ؂Q,,,,793,384,409,290
01234044003,3,kLs,ȕ؂R,,,,628,303,325,250
012340450,2,kLs,ȍK,,,,377,193,184,195
01234045001,3,kLs,ȍKP,,,,136,72,64,73
01234045002,3,kLs,ȍKQ,,,,107,48,59,54
01234045003,3,kLs,ȍKR,,,,103,53,50,53
01234045004,3,kLs,ȍKS,,,,29,19,10,14
01234045005,3,kLs,ȍKT,,,,2,1,1,1
01234045006,3,kLs,ȍKU,,,,-,-,-,-
01234045007,3,kLs,ȍKV,,,,-,-,-,-
012340460,2,kLs,֌,,,,1355,669,686,497
01234046001,3,kLs,֌P,,,,264,135,129,107
01234046002,3,kLs,֌Q,,,,168,81,87,58
01234046003,3,kLs,֌R,,,,494,245,249,174
01234046004,3,kLs,֌S,,,,376,184,192,135
01234046005,3,kLs,֌T,,,,53,24,29,23
012340470,2,kLs,֌,,,,13,6,7,4
01234047001,3,kLs,֌P,,,,13,6,7,4
01234047002,3,kLs,֌Q,,,,-,-,-,-
