KEY_CODE,HYOSYO,CITYNAME,NAME,HTKSYORI,HTKSAKI,GASSAN,T000572001,T000572002,T000572003,T000572004
,,,,,,,l,j,,ё
01212,1,Gs,,,,,24457,11679,12778,11044
012120010,2,Gs,咬,,,,821,347,474,395
01212001001,3,Gs,咬P,,,,81,37,44,33
01212001002,3,Gs,咬Q,,,,263,108,155,140
01212001003,3,Gs,咬R,,,,477,202,275,222
012120020,2,Gs,`,,,,431,212,219,200
01212002001,3,Gs,`P,,,,141,71,70,74
01212002002,3,Gs,`Q,,,,173,85,88,75
01212002003,3,Gs,`R,,,,117,56,61,51
012120030,2,Gs,{,,,,361,161,200,197
01212003001,3,Gs,{P,,,,74,32,42,37
01212003002,3,Gs,{Q,,,,112,50,62,58
01212003003,3,Gs,{R,,,,123,59,64,63
01212003004,3,Gs,{S,,,,52,20,32,39
012120040,2,Gs,z,,,,130,55,75,58
012120050,2,Gs,,,,,297,138,159,146
01212005001,3,Gs,P,,,,-,-,-,-
01212005002,3,Gs,Q,,,,-,-,-,-
01212005003,3,Gs,R,,,,43,19,24,20
01212005004,3,Gs,S,,,,40,18,22,25
01212005005,3,Gs,T,,,,72,37,35,33
01212005006,3,Gs,U,,,,142,64,78,68
012120060,2,Gs,ђ,,,,545,242,303,293
01212006001,3,Gs,ђP,,,,296,127,169,164
01212006002,3,Gs,ђQ,,,,97,44,53,51
01212006003,3,Gs,ђR,,,,72,35,37,36
01212006004,3,Gs,ђS,,,,80,36,44,42
012120070,2,Gs,,,,,2624,1234,1390,1267
01212007001,3,Gs,P,,,,26,11,15,9
01212007002,3,Gs,Q,,,,454,217,237,222
01212007003,3,Gs,T,,,,617,309,308,293
01212007004,3,Gs,S,,,,440,218,222,242
01212007005,3,Gs,T,,,,693,307,386,320
01212007006,3,Gs,U,,,,394,172,222,181
012120080,2,Gs,,,,,562,299,263,277
01212008001,3,Gs,P,,,,186,96,90,96
01212008002,3,Gs,Q,,,,124,59,65,53
01212008003,3,Gs,R,,,,252,144,108,128
012120090,2,Gs,K,,,,352,153,199,176
01212009001,3,Gs,KP,,,,60,30,30,29
01212009002,3,Gs,KQ,,,,107,47,60,52
01212009003,3,Gs,KR,,,,129,55,74,68
01212009004,3,Gs,KS,,,,56,21,35,27
012120100,2,Gs,{,,,,586,265,321,307
01212010001,3,Gs,{P,,,,263,115,148,138
01212010002,3,Gs,{Q,,,,124,58,66,69
01212010003,3,Gs,{R,,,,159,70,89,76
01212010004,3,Gs,{S,,,,40,22,18,24
012120110,2,Gs,,,,,1909,922,987,845
01212011001,3,Gs,P,,,,471,237,234,225
01212011002,3,Gs,Q,,,,288,144,144,130
01212011003,3,Gs,R,,,,-,-,-,-
01212011004,3,Gs,S,,,,399,182,217,182
01212011005,3,Gs,T,,,,258,120,138,112
01212011006,3,Gs,U,,,,493,239,254,196
01212011007,3,Gs,V,,,,-,-,-,-
012120120,2,Gs,h,,,,530,242,288,227
01212012001,3,Gs,hP,,,,294,128,166,118
01212012002,3,Gs,hQ,,,,159,77,82,69
01212012003,3,Gs,hR,,,,77,37,40,40
012120130,2,Gs,J^,,,,848,366,482,375
01212013001,3,Gs,J^P,,,,337,126,211,104
01212013002,3,Gs,J^Q,,,,245,116,129,144
01212013003,3,Gs,J^R,,,,266,124,142,127
012120140,2,Gs,L,,,,919,455,464,457
01212014001,3,Gs,LP,,,,453,226,227,230
01212014002,3,Gs,LQ,,,,218,108,110,105
01212014003,3,Gs,LR,,,,77,34,43,34
01212014004,3,Gs,LS,,,,171,87,84,88
012120150,2,Gs,ԉ,,,,654,315,339,316
01212015001,3,Gs,ԉP,,,,159,81,78,75
01212015002,3,Gs,ԉQ,,,,87,39,48,36
01212015003,3,Gs,ԉR,,,,155,78,77,76
01212015004,3,Gs,ԉS,,,,196,94,102,107
01212015005,3,Gs,ԉT,,,,57,23,34,22
012120160,2,Gs,,,,,661,304,357,335
01212016001,3,Gs,P,,,,115,63,52,69
01212016002,3,Gs,Q,,,,122,49,73,66
01212016003,3,Gs,R,,,,424,192,232,200
012120170,2,Gs,,,,,385,181,204,183
01212017001,3,Gs,򒬂P,,,,326,154,172,156
01212017002,3,Gs,򒬂Q,,,,59,27,32,27
012120180,2,Gs,ZV],,,,830,380,450,356
01212018001,3,Gs,ZV]P,,,,443,208,235,198
01212018002,3,Gs,ZV]Q,,,,86,41,45,37
01212018003,3,Gs,ZV]R,,,,205,85,120,80
01212018004,3,Gs,ZV]S,,,,96,46,50,41
012120190,2,Gs,D꒬,,,,15,9,6,5
01212019001,3,Gs,D꒬P,,,,12,7,5,4
01212019002,3,Gs,D꒬Q,,,,3,2,1,1
012120200,2,Gs,,,,,742,334,408,315
01212020001,3,Gs,P,,,,69,33,36,26
01212020002,3,Gs,Q,,,,142,63,79,60
01212020003,3,Gs,R,,,,155,72,83,60
01212020004,3,Gs,S,,,,133,60,73,60
01212020005,3,Gs,T,,,,243,106,137,109
012120210,2,Gs,{,,,,638,285,353,273
012120220,2,Gs,璹,,,,1082,499,583,465
01212022001,3,Gs,璹P,,,,177,81,96,79
01212022002,3,Gs,璹Q,,,,224,108,116,101
01212022003,3,Gs,璹R,,,,144,64,80,66
01212022004,3,Gs,璹S,,,,537,246,291,219
012120230,2,Gs,쒬,,,,205,103,102,102
01212023001,3,Gs,쒬P,,,,15,7,8,7
01212023002,3,Gs,쒬Q,,,,190,96,94,95
012120240,2,Gs,x쒬,,,,347,166,181,160
01212024001,3,Gs,x쒬P,,,,98,48,50,49
01212024002,3,Gs,x쒬Q,,,,241,112,129,106
01212024003,3,Gs,x쒬R,,,,8,6,2,5
012120250,2,Gs,΃Pu,,,,916,632,284,249
01212025001,3,Gs,΃PuP,,,,297,292,5,8
01212025002,3,Gs,΃PuQ,,,,619,340,279,241
012120260,2,Gs,쒬,,,,1460,705,755,642
01212026001,3,Gs,쒬P,,,,16,8,8,8
01212026002,3,Gs,쒬Q,,,,482,238,244,220
01212026003,3,Gs,쒬R,,,,67,32,35,28
01212026004,3,Gs,쒬S,,,,895,427,468,386
012120270,2,Gs,܏\,,,,874,391,483,404
01212027001,3,Gs,܏\P,,,,435,187,248,207
01212027002,3,Gs,܏\Q,,,,329,155,174,153
01212027003,3,Gs,܏\R,,,,110,49,61,44
012120280,2,Gs,,,,,431,211,220,184
01212028001,3,Gs,P,,,,183,85,98,73
01212028002,3,Gs,Q,,,,182,91,91,82
01212028003,3,Gs,R,,,,66,35,31,29
012120290,2,Gs,_,,,,968,472,496,364
01212029001,3,Gs,_P,,,,345,185,160,167
01212029002,3,Gs,_Q,,,,591,272,319,185
01212029003,3,Gs,_R,,,,32,15,17,12
012120300,2,Gs,,,,,164,79,85,67
012120310,2,Gs,l,,,,133,65,68,61
012120320,2,Gs,O,,,,156,62,94,75
012120330,2,Gs,,,,,146,64,82,68
012120340,2,Gs,t,,,,407,182,225,206
01212034001,3,Gs,tP,,,,373,168,205,192
01212034002,3,Gs,tQ,,,,11,4,7,5
01212034003,3,Gs,tR,,,,23,10,13,9
012120351,2,Gs,ac,,,,276,128,148,130
01212035100,3,Gs,ac,,,,20,9,11,9
01212035101,3,Gs,acP,,,,25,10,15,9
01212035102,3,Gs,acQ,,,,54,24,30,28
01212035103,3,Gs,acR,,,,177,85,92,84
012120460,2,Gs,a,,,,528,253,275,236
01212046001,3,Gs,aP,,,,391,192,199,186
01212046002,3,Gs,aQ,,,,137,61,76,50
012120470,2,Gs,,,,,1136,583,553,470
01212047001,3,Gs,ÂP,,,,506,252,254,218
01212047002,3,Gs,ÂQ,,,,323,171,152,138
01212047003,3,Gs,ÂR,,,,288,151,137,108
01212047004,3,Gs,ÂS,,,,19,9,10,6
012120480,2,Gs,厚G,,,,49,24,25,19
01212048001,3,Gs,厚GJC,,,,3,2,1,1
01212048002,3,Gs,厚GoSx,,,,6,3,3,2
01212048003,3,Gs,厚Gtӗ,,,,-,-,-,-
01212048004,3,Gs,厚G,,,,15,7,8,7
01212048005,3,Gs,厚GG,,,,-,-,-,-
01212048006,3,Gs,厚Gyf,,,,25,12,13,9
012120527,2,Gs,M^z,,,,13,7,6,6
012120531,2,Gs,yf,,,,179,83,96,71
012120532,2,Gs,R,,,,147,71,76,62
012120559,2,Gs,ʒ,,,,-,-,-,-
