KEY_CODE,HYOSYO,CITYNAME,NAME,HTKSYORI,HTKSAKI,GASSAN,T000572001,T000572002,T000572003,T000572004
,,,,,,,l,j,,ё
01216,1,ʎs,,,,,16628,7585,9043,7526
012160010,2,ʎs,k,,,,452,214,238,233
01216001001,3,ʎs,k𓌂P,,,,211,101,110,103
01216001002,3,ʎs,k𓌂Q,,,,241,113,128,130
012160020,2,ʎs,k,,,,307,142,165,136
01216002001,3,ʎs,k𓌂P,,,,134,62,72,58
01216002002,3,ʎs,k𓌂Q,,,,173,80,93,78
012160030,2,ʎs,kO,,,,354,167,187,182
01216003001,3,ʎs,kO𓌂P,,,,339,161,178,176
01216003002,3,ʎs,kO𓌂Q,,,,15,6,9,6
012160040,2,ʎs,kl,,,,200,92,108,86
012160050,2,ʎs,k܏,,,,312,143,169,148
01216005001,3,ʎs,k܏𓌂P,,,,266,124,142,128
01216005002,3,ʎs,k܏𓌂Q,,,,46,19,27,20
012160070,2,ʎs,k,,,,334,151,183,171
01216007001,3,ʎs,k𐼂P,,,,305,136,169,156
01216007002,3,ʎs,k𐼂Q,,,,29,15,14,15
012160080,2,ʎs,k,,,,554,236,318,226
01216008001,3,ʎs,k𐼂P,,,,359,150,209,131
01216008002,3,ʎs,k𐼂Q,,,,192,84,108,94
01216008003,3,ʎs,k𐼂R,,,,3,2,1,1
012160090,2,ʎs,kO,,,,753,324,429,346
01216009001,3,ʎs,kO𐼂P,,,,297,125,172,139
01216009002,3,ʎs,kO𐼂Q,,,,293,125,168,139
01216009003,3,ʎs,kO𐼂R,,,,163,74,89,68
012160100,2,ʎs,kl,,,,676,320,356,296
01216010001,3,ʎs,kl𐼂P,,,,215,102,113,93
01216010002,3,ʎs,kl𐼂Q,,,,138,68,70,52
01216010003,3,ʎs,kl𐼂R,,,,218,94,124,85
01216010004,3,ʎs,kl𐼂S,,,,105,56,49,66
012160110,2,ʎs,k܏,,,,1350,592,758,608
01216011001,3,ʎs,k܏𐼂P,,,,231,107,124,122
01216011002,3,ʎs,k܏𐼂Q,,,,346,145,201,158
01216011003,3,ʎs,k܏𐼂R,,,,259,121,138,104
01216011004,3,ʎs,k܏𐼂S,,,,350,145,205,155
01216011005,3,ʎs,k܏𐼂T,,,,164,74,90,69
012160120,2,ʎs,kZ,,,,1198,552,646,603
01216012001,3,ʎs,kZ𐼂P,,,,108,52,56,42
01216012002,3,ʎs,kZ𐼂Q,,,,227,108,119,102
01216012003,3,ʎs,kZ𐼂R,,,,331,150,181,169
01216012004,3,ʎs,kZ𐼂S,,,,328,145,183,184
01216012005,3,ʎs,kZ𐼂T,,,,204,97,107,106
012160130,2,ʎs,k,,,,298,142,156,135
01216013002,3,ʎs,k𐼂Q,,,,22,10,12,11
01216013003,3,ʎs,k𐼂R,,,,261,124,137,117
01216013004,3,ʎs,k𐼂S,,,,-,-,-,-
01216013005,3,ʎs,k𐼂T,,,,15,8,7,7
01216013006,3,ʎs,k𐼂U,,,,-,-,-,-
012160140,2,ʎs,,,,,492,232,260,228
01216014001,3,ʎs,𓌂P,,,,250,116,134,120
01216014002,3,ʎs,𓌂Q,,,,242,116,126,108
012160150,2,ʎs,,,,,387,175,212,193
01216015001,3,ʎs,𓌂P,,,,72,30,42,37
01216015002,3,ʎs,𓌂Q,,,,196,89,107,100
01216015003,3,ʎs,𓌂R,,,,119,56,63,56
012160160,2,ʎs,O,,,,256,121,135,134
01216016001,3,ʎs,O𓌂P,,,,59,25,34,34
01216016002,3,ʎs,O𓌂Q,,,,135,65,70,72
01216016003,3,ʎs,O𓌂R,,,,62,31,31,28
012160170,2,ʎs,,,,,108,47,61,50
012160180,2,ʎs,{,,,,1923,845,1078,846
012160190,2,ʎs,,,,,500,199,301,91
012160200,2,ʎs,J,,,,17,7,10,10
012160210,2,ʎs,,,,,4,2,2,2
012160220,2,ʎs,㈰ʒ,,,,3782,1757,2025,1712
012160230,2,ʎs,ԓ쒬,,,,525,249,276,219
012160240,2,ʎs,ꗢ,,,,-,-,-,-
012160250,2,ʎs,,,,,9,4,5,4
012160260,2,ʎs,֒,,,,414,200,214,150
012160270,2,ʎs,Z,,,,56,24,32,15
012160280,2,ʎs,,,,,115,56,59,48
012160290,2,ʎs,L,,,,3,2,1,2
012160300,2,ʎs,V钬,,,,270,125,145,106
012160310,2,ʎs,ʒ,,,,613,282,331,355
012160320,2,ʎs,̋u,,,,8,4,4,4
012160330,2,ʎs,ΐ,,,,22,9,13,14
012160340,2,ʎs,钬,,,,245,123,122,133
012160350,2,ʎs,钬,,,,46,24,22,23
012160360,2,ʎs,,,,,31,15,16,12
012160370,2,ʎs,,,,,14,8,6,5
