KEY_CODE,HYOSYO,CITYNAME,NAME,HTKSYORI,HTKSAKI,GASSAN,T000572001,T000572002,T000572003,T000572004
,,,,,,,l,j,,ё
01102,1,Dysk,,,,,278781,132481,146300,127440
011020101,2,Dysk,V,,,,1465,696,769,570
01102010101,3,Dysk,VP,,,,152,62,90,36
01102010102,3,Dysk,VQ,,,,451,224,227,171
01102010103,3,Dysk,VR,,,,213,98,115,79
01102010104,3,Dysk,VS,,,,239,109,130,108
01102010105,3,Dysk,VT,,,,193,100,93,95
01102010106,3,Dysk,VU,,,,217,103,114,81
011020102,2,Dysk,V,,,,4980,2318,2662,2038
01102010201,3,Dysk,VP,,,,212,86,126,102
01102010202,3,Dysk,VQ,,,,524,255,269,238
01102010203,3,Dysk,VR,,,,442,209,233,185
01102010204,3,Dysk,VS,,,,568,265,303,244
01102010205,3,Dysk,VT,,,,808,375,433,324
01102010206,3,Dysk,VU,,,,537,235,302,231
01102010207,3,Dysk,VV,,,,65,33,32,39
01102010208,3,Dysk,VW,,,,314,138,176,122
01102010209,3,Dysk,VX,,,,302,144,158,113
01102010210,3,Dysk,VPO,,,,294,133,161,105
01102010211,3,Dysk,VPP,,,,414,209,205,148
01102010212,3,Dysk,VPQ,,,,310,144,166,112
01102010213,3,Dysk,VPR,,,,190,92,98,75
011020103,2,Dysk,VO,,,,5321,2496,2825,2175
01102010301,3,Dysk,VOP,,,,298,129,169,128
01102010302,3,Dysk,VOQ,,,,364,167,197,153
01102010303,3,Dysk,VOR,,,,408,190,218,157
01102010304,3,Dysk,VOS,,,,534,241,293,238
01102010305,3,Dysk,VOT,,,,469,238,231,212
01102010306,3,Dysk,VOU,,,,164,73,91,73
01102010307,3,Dysk,VOV,,,,180,87,93,59
01102010308,3,Dysk,VOW,,,,291,142,149,128
01102010309,3,Dysk,VOX,,,,186,81,105,77
01102010310,3,Dysk,VOPO,,,,226,103,123,94
01102010311,3,Dysk,VOPP,,,,414,189,225,168
01102010312,3,Dysk,VOPQ,,,,412,196,216,158
01102010313,3,Dysk,VOPR,,,,301,138,163,127
01102010314,3,Dysk,VOPS,,,,400,195,205,153
01102010315,3,Dysk,VOPT,,,,415,207,208,157
01102010316,3,Dysk,VOPU,,,,259,120,139,93
01102010317,3,Dysk,VOPV,,,,-,-,-,-
01102010318,3,Dysk,VOPW,,,,-,-,-,-
01102010319,3,Dysk,VOPX,,,,-,-,-,-
01102010320,3,Dysk,VOQO,,,,-,-,-,-
011020104,2,Dysk,Vl,,,,5156,2443,2713,1992
01102010401,3,Dysk,VlP,,,,102,48,54,46
01102010402,3,Dysk,VlQ,,,,304,133,171,149
01102010403,3,Dysk,VlR,,,,286,130,156,117
01102010404,3,Dysk,VlS,,,,296,133,163,124
01102010405,3,Dysk,VlT,,,,158,69,89,61
01102010406,3,Dysk,VlU,,,,111,50,61,46
01102010407,3,Dysk,VlV,,,,284,127,157,114
01102010408,3,Dysk,VlW,,,,437,205,232,156
01102010409,3,Dysk,VlX,,,,268,123,145,110
01102010410,3,Dysk,VlPO,,,,172,84,88,65
01102010411,3,Dysk,VlPP,,,,337,168,169,124
01102010412,3,Dysk,VlPQ,,,,421,210,211,163
01102010413,3,Dysk,VlPR,,,,471,226,245,189
01102010414,3,Dysk,VlPS,,,,200,102,98,79
01102010415,3,Dysk,VlPT,,,,265,138,127,95
01102010416,3,Dysk,VlPU,,,,358,180,178,134
01102010417,3,Dysk,VlPV,,,,197,94,103,64
01102010418,3,Dysk,VlPW,,,,319,143,176,105
01102010419,3,Dysk,VlPX,,,,170,80,90,51
01102010420,3,Dysk,VlQO,,,,-,-,-,-
011020105,2,Dysk,V܏,,,,2950,1387,1563,1200
01102010501,3,Dysk,V܏P,,,,304,144,160,150
01102010502,3,Dysk,V܏Q,,,,475,221,254,221
01102010503,3,Dysk,V܏R,,,,922,439,483,355
01102010504,3,Dysk,V܏S,,,,184,88,96,79
01102010505,3,Dysk,V܏T,,,,340,162,178,137
01102010506,3,Dysk,V܏U,,,,396,180,216,151
01102010514,3,Dysk,V܏PS,,,,-,-,-,-
01102010515,3,Dysk,V܏PT,,,,-,-,-,-
01102010516,3,Dysk,V܏PU,,,,329,153,176,107
01102010520,3,Dysk,V܏QO,,,,-,-,-,-
011020106,2,Dysk,VZ,,,,1295,644,651,470
01102010614,3,Dysk,VZPS,,,,274,133,141,77
01102010615,3,Dysk,VZPT,,,,721,360,361,305
01102010616,3,Dysk,VZPU,,,,300,151,149,88
01102010620,3,Dysk,VZQO,,,,-,-,-,-
011020107,2,Dysk,V쎵,,,,7,3,4,5
011020200,2,Dysk,V,,,,570,255,315,78
011020301,2,Dysk,VՎ,,,,4903,2282,2621,1984
01102030101,3,Dysk,VՎP,,,,66,29,37,32
01102030102,3,Dysk,VՎQ,,,,628,292,336,281
01102030103,3,Dysk,VՎR,,,,149,55,94,42
01102030104,3,Dysk,VՎS,,,,239,122,117,98
01102030105,3,Dysk,VՎT,,,,238,112,126,96
01102030106,3,Dysk,VՎU,,,,174,83,91,66
01102030107,3,Dysk,VՎV,,,,348,156,192,144
01102030108,3,Dysk,VՎW,,,,746,340,406,305
01102030109,3,Dysk,VՎX,,,,391,173,218,168
01102030110,3,Dysk,VՎPO,,,,491,235,256,204
01102030111,3,Dysk,VՎPP,,,,479,217,262,209
01102030112,3,Dysk,VՎPQ,,,,371,189,182,129
01102030113,3,Dysk,VՎPR,,,,583,279,304,210
011020302,2,Dysk,VՎ,,,,3239,1502,1737,1302
01102030201,3,Dysk,VՎP,,,,216,114,102,100
01102030202,3,Dysk,VՎQ,,,,553,271,282,232
01102030203,3,Dysk,VՎR,,,,213,99,114,90
01102030204,3,Dysk,VՎS,,,,280,134,146,111
01102030205,3,Dysk,VՎT,,,,173,61,112,44
01102030206,3,Dysk,VՎU,,,,215,101,114,90
01102030207,3,Dysk,VՎV,,,,61,28,33,20
01102030208,3,Dysk,VՎW,,,,275,119,156,84
01102030209,3,Dysk,VՎX,,,,160,65,95,68
01102030210,3,Dysk,VՎPO,,,,195,87,108,86
01102030211,3,Dysk,VՎPP,,,,351,150,201,150
01102030212,3,Dysk,VՎPQ,,,,343,166,177,141
01102030213,3,Dysk,VՎPR,,,,204,107,97,86
011020303,2,Dysk,VՎO,,,,3584,1667,1917,1349
01102030301,3,Dysk,VՎOP,,,,286,112,174,72
01102030302,3,Dysk,VՎOQ,,,,447,196,251,183
01102030303,3,Dysk,VՎOR,,,,310,152,158,115
01102030304,3,Dysk,VՎOS,,,,186,94,92,69
01102030305,3,Dysk,VՎOT,,,,282,147,135,109
01102030306,3,Dysk,VՎOU,,,,257,129,128,87
01102030307,3,Dysk,VՎOV,,,,238,104,134,92
01102030308,3,Dysk,VՎOW,,,,84,37,47,27
01102030309,3,Dysk,VՎOX,,,,154,68,86,55
01102030310,3,Dysk,VՎOPO,,,,180,80,100,68
01102030311,3,Dysk,VՎOPP,,,,371,166,205,161
01102030312,3,Dysk,VՎOPQ,,,,382,192,190,149
01102030313,3,Dysk,VՎOPR,,,,407,190,217,162
011020304,2,Dysk,VՎl,,,,3486,1681,1805,1419
01102030401,3,Dysk,VՎlP,,,,244,125,119,149
01102030402,3,Dysk,VՎlQ,,,,421,179,242,193
01102030403,3,Dysk,VՎlR,,,,191,80,111,87
01102030404,3,Dysk,VՎlS,,,,414,221,193,135
01102030405,3,Dysk,VՎlT,,,,162,74,88,68
01102030406,3,Dysk,VՎlU,,,,256,126,130,101
01102030407,3,Dysk,VՎlV,,,,257,126,131,108
01102030408,3,Dysk,VՎlW,,,,228,115,113,89
01102030409,3,Dysk,VՎlX,,,,57,34,23,1
01102030410,3,Dysk,VՎlPO,,,,-,-,-,-
01102030411,3,Dysk,VՎlPP,,,,228,106,122,91
01102030412,3,Dysk,VՎlPQ,,,,232,113,119,89
01102030413,3,Dysk,VՎlPR,,,,301,147,154,123
01102030414,3,Dysk,VՎlPS,,,,15,7,8,6
01102030415,3,Dysk,VՎlPT,,,,179,82,97,72
01102030416,3,Dysk,VՎlPU,,,,197,96,101,73
01102030417,3,Dysk,VՎlPV,,,,104,50,54,34
011020305,2,Dysk,VՎ܏,,,,5850,2849,3001,2490
01102030501,3,Dysk,VՎ܏P,,,,409,226,183,239
01102030502,3,Dysk,VՎ܏Q,,,,1351,635,716,532
01102030503,3,Dysk,VՎ܏R,,,,158,81,77,53
01102030504,3,Dysk,VՎ܏S,,,,204,96,108,80
01102030505,3,Dysk,VՎ܏T,,,,256,128,128,102
01102030506,3,Dysk,VՎ܏U,,,,153,73,80,73
01102030507,3,Dysk,VՎ܏V,,,,209,99,110,95
01102030508,3,Dysk,VՎ܏W,,,,319,149,170,155
01102030509,3,Dysk,VՎ܏X,,,,262,130,132,116
01102030510,3,Dysk,VՎ܏PO,,,,173,88,85,74
01102030511,3,Dysk,VՎ܏PP,,,,181,88,93,67
01102030512,3,Dysk,VՎ܏PQ,,,,369,177,192,160
01102030513,3,Dysk,VՎ܏PR,,,,334,157,177,137
01102030514,3,Dysk,VՎ܏PS,,,,319,160,159,138
01102030515,3,Dysk,VՎ܏PT,,,,322,162,160,131
01102030516,3,Dysk,VՎ܏PU,,,,305,146,159,130
01102030517,3,Dysk,VՎ܏PV,,,,526,254,272,208
011020306,2,Dysk,VՎZ,,,,5594,2661,2933,2481
01102030601,3,Dysk,VՎZP,,,,538,246,292,363
01102030602,3,Dysk,VՎZQ,,,,250,112,138,106
01102030603,3,Dysk,VՎZR,,,,155,72,83,63
01102030604,3,Dysk,VՎZS,,,,318,154,164,122
01102030605,3,Dysk,VՎZT,,,,300,145,155,122
01102030606,3,Dysk,VՎZU,,,,359,173,186,176
01102030607,3,Dysk,VՎZV,,,,314,145,169,123
01102030608,3,Dysk,VՎZW,,,,338,165,173,136
01102030609,3,Dysk,VՎZX,,,,313,145,168,129
01102030610,3,Dysk,VՎZPO,,,,216,102,114,94
01102030611,3,Dysk,VՎZPP,,,,355,166,189,144
01102030612,3,Dysk,VՎZPQ,,,,326,158,168,127
01102030613,3,Dysk,VՎZPR,,,,357,168,189,164
01102030614,3,Dysk,VՎZPS,,,,377,183,194,152
01102030615,3,Dysk,VՎZPT,,,,350,169,181,152
01102030616,3,Dysk,VՎZPU,,,,375,190,185,164
01102030617,3,Dysk,VՎZPV,,,,353,168,185,144
011020307,2,Dysk,VՎ,,,,4786,2191,2595,2232
01102030701,3,Dysk,VՎP,,,,487,212,275,253
01102030702,3,Dysk,VՎQ,,,,762,347,415,418
01102030703,3,Dysk,VՎR,,,,77,33,44,28
01102030704,3,Dysk,VՎS,,,,2,1,1,1
01102030705,3,Dysk,VՎT,,,,265,126,139,127
01102030706,3,Dysk,VՎU,,,,211,96,115,92
01102030707,3,Dysk,VՎV,,,,180,81,99,79
01102030708,3,Dysk,VՎW,,,,195,93,102,75
01102030709,3,Dysk,VՎX,,,,280,137,143,135
01102030710,3,Dysk,VՎPO,,,,150,66,84,68
01102030711,3,Dysk,VՎPP,,,,312,154,158,130
01102030712,3,Dysk,VՎPQ,,,,279,116,163,145
01102030713,3,Dysk,VՎPR,,,,390,183,207,163
01102030714,3,Dysk,VՎPS,,,,367,162,205,151
01102030715,3,Dysk,VՎPT,,,,370,167,203,164
01102030716,3,Dysk,VՎPU,,,,378,175,203,175
01102030717,3,Dysk,VՎPV,,,,81,42,39,28
011020308,2,Dysk,VՎ,,,,4309,1976,2333,2072
01102030801,3,Dysk,VՎP,,,,619,260,359,421
01102030802,3,Dysk,VՎQ,,,,331,145,186,166
01102030803,3,Dysk,VՎR,,,,67,22,45,24
01102030804,3,Dysk,VՎS,,,,255,111,144,106
01102030805,3,Dysk,VՎT,,,,235,121,114,106
01102030806,3,Dysk,VՎU,,,,246,114,132,105
01102030807,3,Dysk,VՎV,,,,256,115,141,116
01102030808,3,Dysk,VՎW,,,,175,76,99,77
01102030809,3,Dysk,VՎX,,,,265,114,151,111
01102030810,3,Dysk,VՎPO,,,,46,17,29,16
01102030811,3,Dysk,VՎPP,,,,242,115,127,100
01102030812,3,Dysk,VՎPQ,,,,507,246,261,235
01102030813,3,Dysk,VՎPR,,,,270,130,140,111
01102030814,3,Dysk,VՎPS,,,,203,96,107,102
01102030815,3,Dysk,VՎPT,,,,438,221,217,214
01102030816,3,Dysk,VՎPU,,,,154,73,81,62
01102030817,3,Dysk,VՎPV,,,,-,-,-,-
011020309,2,Dysk,VՎ,,,,5812,2690,3122,2451
01102030901,3,Dysk,VՎP,,,,484,211,273,197
01102030902,3,Dysk,VՎQ,,,,861,378,483,378
01102030903,3,Dysk,VՎR,,,,239,113,126,105
01102030904,3,Dysk,VՎS,,,,256,116,140,107
01102030905,3,Dysk,VՎT,,,,180,76,104,71
01102030906,3,Dysk,VՎU,,,,248,122,126,106
01102030907,3,Dysk,VՎV,,,,304,128,176,124
01102030908,3,Dysk,VՎW,,,,272,132,140,110
01102030909,3,Dysk,VՎX,,,,299,150,149,127
01102030910,3,Dysk,VՎPO,,,,250,117,133,116
01102030911,3,Dysk,VՎPP,,,,418,204,214,189
01102030912,3,Dysk,VՎPQ,,,,439,194,245,185
01102030913,3,Dysk,VՎPR,,,,352,163,189,149
01102030914,3,Dysk,VՎPS,,,,434,210,224,190
01102030915,3,Dysk,VՎPT,,,,335,157,178,132
01102030916,3,Dysk,VՎPU,,,,441,219,222,165
011020310,2,Dysk,VՎ\,,,,5507,2572,2935,2246
01102031001,3,Dysk,VՎ\P,,,,403,199,204,208
01102031002,3,Dysk,VՎ\Q,,,,190,84,106,73
01102031003,3,Dysk,VՎ\R,,,,290,133,157,133
01102031004,3,Dysk,VՎ\S,,,,297,135,162,137
01102031005,3,Dysk,VՎ\T,,,,328,146,182,141
01102031006,3,Dysk,VՎ\U,,,,336,154,182,132
01102031007,3,Dysk,VՎ\V,,,,329,144,185,134
01102031008,3,Dysk,VՎ\W,,,,324,151,173,125
01102031009,3,Dysk,VՎ\X,,,,295,140,155,120
01102031010,3,Dysk,VՎ\PO,,,,72,33,39,26
01102031011,3,Dysk,VՎ\PP,,,,281,135,146,109
01102031012,3,Dysk,VՎ\PQ,,,,415,193,222,172
01102031013,3,Dysk,VՎ\PR,,,,432,218,214,168
01102031014,3,Dysk,VՎ\PS,,,,478,227,251,192
01102031015,3,Dysk,VՎ\PT,,,,460,222,238,158
01102031016,3,Dysk,VՎ\PU,,,,415,179,236,165
01102031017,3,Dysk,VՎ\PV,,,,162,79,83,53
011020311,2,Dysk,VՎ\,,,,4905,2303,2602,2005
01102031101,3,Dysk,VՎ\P,,,,420,185,235,217
01102031102,3,Dysk,VՎ\Q,,,,233,121,112,96
01102031103,3,Dysk,VՎ\R,,,,232,112,120,100
01102031104,3,Dysk,VՎ\S,,,,248,115,133,99
01102031105,3,Dysk,VՎ\T,,,,106,54,52,51
01102031106,3,Dysk,VՎ\U,,,,82,34,48,35
01102031107,3,Dysk,VՎ\V,,,,231,108,123,93
01102031108,3,Dysk,VՎ\W,,,,252,109,143,105
01102031109,3,Dysk,VՎ\X,,,,261,115,146,111
01102031110,3,Dysk,VՎ\PO,,,,305,139,166,122
01102031111,3,Dysk,VՎ\PP,,,,359,168,191,148
01102031112,3,Dysk,VՎ\PQ,,,,333,156,177,137
01102031113,3,Dysk,VՎ\PR,,,,516,259,257,180
01102031114,3,Dysk,VՎ\PS,,,,362,177,185,146
01102031115,3,Dysk,VՎ\PT,,,,246,108,138,98
01102031116,3,Dysk,VՎ\PU,,,,433,205,228,169
01102031117,3,Dysk,VՎ\PV,,,,286,138,148,98
011020312,2,Dysk,VՎ\,,,,5040,2369,2671,2086
01102031201,3,Dysk,VՎ\P,,,,414,208,206,189
01102031202,3,Dysk,VՎ\Q,,,,139,67,72,57
01102031203,3,Dysk,VՎ\R,,,,236,113,123,100
01102031204,3,Dysk,VՎ\S,,,,287,137,150,122
01102031205,3,Dysk,VՎ\T,,,,196,86,110,74
01102031206,3,Dysk,VՎ\U,,,,213,105,108,98
01102031207,3,Dysk,VՎ\V,,,,275,120,155,112
01102031208,3,Dysk,VՎ\W,,,,261,117,144,113
01102031209,3,Dysk,VՎ\X,,,,302,138,164,127
01102031210,3,Dysk,VՎ\PO,,,,232,110,122,112
01102031211,3,Dysk,VՎ\PP,,,,402,195,207,166
01102031212,3,Dysk,VՎ\PQ,,,,345,155,190,142
01102031213,3,Dysk,VՎ\PR,,,,317,155,162,133
01102031214,3,Dysk,VՎ\PS,,,,423,202,221,166
01102031215,3,Dysk,VՎ\PT,,,,321,146,175,128
01102031216,3,Dysk,VՎ\PU,,,,508,240,268,189
01102031217,3,Dysk,VՎ\PV,,,,169,75,94,58
011020400,2,Dysk,VՎ,,,,85,29,56,7
011020501,2,Dysk,ԓc,,,,583,284,299,255
01102050101,3,Dysk,ԓcP,,,,328,156,172,144
01102050102,3,Dysk,ԓcQ,,,,255,128,127,111
011020502,2,Dysk,ԓc,,,,1992,929,1063,838
01102050201,3,Dysk,ԓcP,,,,447,218,229,190
01102050202,3,Dysk,ԓcQ,,,,457,197,260,193
01102050203,3,Dysk,ԓcR,,,,474,227,247,205
01102050204,3,Dysk,ԓcS,,,,309,139,170,128
01102050205,3,Dysk,ԓcT,,,,305,148,157,122
011020503,2,Dysk,ԓcO,,,,2938,1414,1524,1226
01102050301,3,Dysk,ԓcOP,,,,311,158,153,125
01102050302,3,Dysk,ԓcOQ,,,,474,226,248,187
01102050303,3,Dysk,ԓcOR,,,,346,166,180,146
01102050304,3,Dysk,ԓcOS,,,,421,194,227,177
01102050305,3,Dysk,ԓcOT,,,,470,216,254,195
01102050306,3,Dysk,ԓcOU,,,,493,252,241,215
01102050307,3,Dysk,ԓcOV,,,,304,148,156,129
01102050308,3,Dysk,ԓcOW,,,,119,54,65,52
011020504,2,Dysk,ԓcl,,,,3745,1755,1990,1506
01102050401,3,Dysk,ԓclP,,,,433,203,230,175
01102050402,3,Dysk,ԓclQ,,,,392,187,205,151
01102050403,3,Dysk,ԓclR,,,,516,239,277,209
01102050404,3,Dysk,ԓclS,,,,530,256,274,204
01102050405,3,Dysk,ԓclT,,,,472,222,250,197
01102050406,3,Dysk,ԓclU,,,,349,158,191,144
01102050407,3,Dysk,ԓclV,,,,459,216,243,193
01102050408,3,Dysk,ԓclW,,,,592,273,319,232
01102050409,3,Dysk,ԓclX,,,,2,1,1,1
01102050410,3,Dysk,ԓclPO,,,,-,-,-,-
011020505,2,Dysk,ԓc܏,,,,5443,2552,2891,2132
01102050501,3,Dysk,ԓc܏P,,,,349,158,191,133
01102050502,3,Dysk,ԓc܏Q,,,,647,313,334,265
01102050503,3,Dysk,ԓc܏R,,,,546,257,289,233
01102050504,3,Dysk,ԓc܏S,,,,224,104,120,85
01102050505,3,Dysk,ԓc܏T,,,,280,139,141,114
01102050506,3,Dysk,ԓc܏U,,,,479,219,260,180
01102050507,3,Dysk,ԓc܏V,,,,408,191,217,165
01102050508,3,Dysk,ԓc܏W,,,,556,264,292,213
01102050509,3,Dysk,ԓc܏X,,,,465,219,246,164
01102050510,3,Dysk,ԓc܏PO,,,,457,217,240,174
01102050511,3,Dysk,ԓc܏PP,,,,551,237,314,219
01102050512,3,Dysk,ԓc܏PQ,,,,481,234,247,187
011020506,2,Dysk,ԓcZ,,,,6428,2936,3492,2409
01102050601,3,Dysk,ԓcZP,,,,713,338,375,261
01102050602,3,Dysk,ԓcZQ,,,,531,249,282,199
01102050603,3,Dysk,ԓcZR,,,,416,208,208,136
01102050604,3,Dysk,ԓcZS,,,,292,151,141,112
01102050605,3,Dysk,ԓcZT,,,,334,159,175,113
01102050606,3,Dysk,ԓcZU,,,,687,291,396,247
01102050607,3,Dysk,ԓcZV,,,,1051,493,558,386
01102050608,3,Dysk,ԓcZW,,,,508,249,259,160
01102050609,3,Dysk,ԓcZX,,,,269,129,140,99
01102050610,3,Dysk,ԓcZPO,,,,347,147,200,111
01102050611,3,Dysk,ԓcZPP,,,,722,298,424,330
01102050612,3,Dysk,ԓcZPQ,,,,558,224,334,255
011020507,2,Dysk,ԓc,,,,5171,2475,2696,1773
01102050701,3,Dysk,ԓcP,,,,459,231,228,150
01102050702,3,Dysk,ԓcQ,,,,665,305,360,217
01102050703,3,Dysk,ԓcR,,,,364,187,177,155
01102050704,3,Dysk,ԓcS,,,,468,225,243,161
01102050705,3,Dysk,ԓcT,,,,451,204,247,129
01102050706,3,Dysk,ԓcU,,,,264,124,140,76
01102050707,3,Dysk,ԓcV,,,,195,87,108,60
01102050708,3,Dysk,ԓcW,,,,145,69,76,51
01102050709,3,Dysk,ԓcX,,,,439,216,223,149
01102050710,3,Dysk,ԓcPO,,,,492,234,258,199
01102050711,3,Dysk,ԓcPP,,,,681,331,350,240
01102050712,3,Dysk,ԓcPQ,,,,548,262,286,186
011020508,2,Dysk,ԓc,,,,3281,1577,1704,986
01102050801,3,Dysk,ԓcP,,,,562,287,275,184
01102050802,3,Dysk,ԓcQ,,,,480,230,250,143
01102050803,3,Dysk,ԓcR,,,,175,77,98,53
01102050804,3,Dysk,ԓcS,,,,167,79,88,44
01102050805,3,Dysk,ԓcT,,,,92,46,46,28
01102050806,3,Dysk,ԓcU,,,,7,3,4,2
01102050807,3,Dysk,ԓcV,,,,303,152,151,90
01102050808,3,Dysk,ԓcW,,,,456,213,243,136
01102050809,3,Dysk,ԓcX,,,,218,96,122,53
01102050810,3,Dysk,ԓcPO,,,,195,90,105,59
01102050811,3,Dysk,ԓcPP,,,,372,184,188,114
01102050812,3,Dysk,ԓcPQ,,,,254,120,134,80
011020509,2,Dysk,ԓc,,,,4466,2076,2390,1524
01102050901,3,Dysk,ԓcP,,,,553,268,285,196
01102050902,3,Dysk,ԓcQ,,,,338,168,170,117
01102050903,3,Dysk,ԓcR,,,,796,321,475,240
01102050904,3,Dysk,ԓcS,,,,272,118,154,118
01102050905,3,Dysk,ԓcT,,,,423,203,220,173
01102050906,3,Dysk,ԓcU,,,,386,186,200,138
01102050907,3,Dysk,ԓcV,,,,111,53,58,36
01102050908,3,Dysk,ԓcW,,,,476,208,268,188
01102050909,3,Dysk,ԓcX,,,,211,101,110,78
01102050910,3,Dysk,ԓcPO,,,,385,188,197,118
01102050911,3,Dysk,ԓcPP,,,,362,173,189,114
01102050912,3,Dysk,ԓcPQ,,,,153,89,64,8
011020510,2,Dysk,ԓc\,,,,1016,505,511,344
01102051001,3,Dysk,ԓc\P,,,,206,100,106,75
01102051002,3,Dysk,ԓc\Q,,,,443,222,221,156
01102051003,3,Dysk,ԓc\R,,,,367,183,184,113
011020511,2,Dysk,ԓc\,,,,744,349,395,261
01102051101,3,Dysk,ԓc\P,,,,144,70,74,56
01102051102,3,Dysk,ԓc\Q,,,,235,109,126,82
01102051103,3,Dysk,ԓc\R,,,,365,170,195,123
011020600,2,Dysk,ԓc,,,,120,57,63,48
011020700,2,Dysk,,,,,5343,2403,2940,3869
01102070001,3,Dysk,P,,,,936,413,523,737
01102070002,3,Dysk,Q,,,,597,283,314,445
01102070003,3,Dysk,R,,,,490,231,259,371
01102070004,3,Dysk,S,,,,749,308,441,505
01102070005,3,Dysk,T,,,,814,337,477,562
01102070006,3,Dysk,U,,,,1235,565,670,877
01102070007,3,Dysk,V,,,,447,224,223,331
01102070008,3,Dysk,W,,,,1,1,-,1
01102070009,3,Dysk,X,,,,74,41,33,40
011020800,2,Dysk,HH,,,,268,130,138,108
011020900,2,Dysk,HH,,,,2401,1154,1247,849
011021000,2,Dysk,H,,,,14,6,8,6
011021100,2,Dysk,Hk,,,,150,71,79,61
011021200,2,Dysk,H,,,,82,42,40,18
011021401,2,Dysk,,,,,213,94,119,96
011021402,2,Dysk,,,,,759,350,409,304
01102140201,3,Dysk,P,,,,-,-,-,-
01102140203,3,Dysk,R,,,,335,164,171,130
01102140204,3,Dysk,S,,,,316,144,172,112
01102140205,3,Dysk,T,,,,108,42,66,62
011021403,2,Dysk,O,,,,728,334,394,308
01102140301,3,Dysk,OP,,,,128,56,72,51
01102140303,3,Dysk,OR,,,,213,97,116,105
01102140304,3,Dysk,OS,,,,154,74,80,57
01102140305,3,Dysk,OT,,,,233,107,126,95
011021404,2,Dysk,l,,,,1212,555,657,508
01102140401,3,Dysk,lP,,,,84,29,55,64
01102140403,3,Dysk,lR,,,,152,77,75,67
01102140404,3,Dysk,lS,,,,330,147,183,126
01102140405,3,Dysk,lT,,,,465,220,245,190
01102140406,3,Dysk,lU,,,,181,82,99,61
011021405,2,Dysk,܏,,,,1354,649,705,529
01102140501,3,Dysk,܏P,,,,279,131,148,102
01102140502,3,Dysk,܏Q,,,,290,135,155,116
01102140503,3,Dysk,܏R,,,,151,80,71,66
01102140504,3,Dysk,܏S,,,,214,96,118,91
01102140505,3,Dysk,܏T,,,,182,89,93,74
01102140506,3,Dysk,܏U,,,,238,118,120,80
011021406,2,Dysk,Z,,,,494,240,254,186
01102140601,3,Dysk,ZP,,,,65,36,29,23
01102140602,3,Dysk,ZQ,,,,42,16,26,17
01102140603,3,Dysk,ZR,,,,36,18,18,14
01102140604,3,Dysk,ZS,,,,38,16,22,16
01102140605,3,Dysk,ZT,,,,160,77,83,66
01102140606,3,Dysk,ZU,,,,153,77,76,50
011021407,2,Dysk,,,,,1324,610,714,527
01102140701,3,Dysk,P,,,,60,27,33,23
01102140702,3,Dysk,Q,,,,68,32,36,37
01102140703,3,Dysk,R,,,,99,43,56,39
01102140704,3,Dysk,S,,,,244,116,128,98
01102140705,3,Dysk,T,,,,125,59,66,52
01102140706,3,Dysk,U,,,,414,195,219,158
01102140707,3,Dysk,V,,,,314,138,176,120
011021408,2,Dysk,,,,,1058,514,544,430
01102140801,3,Dysk,P,,,,108,58,50,34
01102140802,3,Dysk,Q,,,,11,8,3,4
01102140803,3,Dysk,R,,,,212,102,110,87
01102140804,3,Dysk,S,,,,228,103,125,101
01102140805,3,Dysk,T,,,,152,81,71,58
01102140806,3,Dysk,U,,,,222,103,119,88
01102140807,3,Dysk,V,,,,125,59,66,58
011021409,2,Dysk,,,,,1412,646,766,581
01102140901,3,Dysk,P,,,,71,33,38,27
01102140902,3,Dysk,Q,,,,191,78,113,72
01102140903,3,Dysk,R,,,,314,148,166,132
01102140904,3,Dysk,S,,,,259,125,134,116
01102140905,3,Dysk,T,,,,142,61,81,55
01102140906,3,Dysk,U,,,,271,127,144,109
01102140907,3,Dysk,V,,,,164,74,90,70
011021410,2,Dysk,\,,,,1280,615,665,517
01102141001,3,Dysk,\P,,,,94,44,50,38
01102141002,3,Dysk,\Q,,,,156,74,82,54
01102141003,3,Dysk,\R,,,,193,90,103,76
01102141004,3,Dysk,\S,,,,291,141,150,128
01102141005,3,Dysk,\T,,,,159,78,81,61
01102141006,3,Dysk,\U,,,,234,118,116,99
01102141007,3,Dysk,\V,,,,153,70,83,61
011021411,2,Dysk,\,,,,1047,491,556,391
01102141101,3,Dysk,\P,,,,14,8,6,5
01102141102,3,Dysk,\Q,,,,131,59,72,47
01102141103,3,Dysk,\R,,,,-,-,-,-
01102141104,3,Dysk,\S,,,,332,154,178,121
01102141105,3,Dysk,\T,,,,150,71,79,65
01102141106,3,Dysk,\U,,,,263,134,129,97
01102141107,3,Dysk,\V,,,,157,65,92,56
011021412,2,Dysk,\,,,,848,416,432,338
01102141201,3,Dysk,\P,,,,-,-,-,-
01102141202,3,Dysk,\Q,,,,50,22,28,19
01102141203,3,Dysk,\R,,,,-,-,-,-
01102141204,3,Dysk,\S,,,,241,117,124,103
01102141205,3,Dysk,\T,,,,162,81,81,64
01102141206,3,Dysk,\U,,,,247,120,127,98
01102141207,3,Dysk,\V,,,,148,76,72,54
011021501,2,Dysk,H,,,,3180,1500,1680,1189
01102150101,3,Dysk,HP,,,,106,55,51,38
01102150102,3,Dysk,HQ,,,,84,40,44,31
01102150103,3,Dysk,HR,,,,233,108,125,91
01102150104,3,Dysk,HS,,,,164,83,81,59
01102150105,3,Dysk,HT,,,,505,229,276,192
01102150106,3,Dysk,HU,,,,119,57,62,44
01102150107,3,Dysk,HV,,,,568,262,306,236
01102150108,3,Dysk,HW,,,,443,206,237,187
01102150109,3,Dysk,HX,,,,199,92,107,64
01102150110,3,Dysk,HPO,,,,759,368,391,247
011021502,2,Dysk,H,,,,3932,1824,2108,1519
01102150201,3,Dysk,HP,,,,201,90,111,85
01102150202,3,Dysk,HQ,,,,440,216,224,172
01102150203,3,Dysk,HR,,,,474,236,238,203
01102150204,3,Dysk,HS,,,,360,172,188,153
01102150205,3,Dysk,HT,,,,594,272,322,255
01102150206,3,Dysk,HU,,,,228,107,121,99
01102150207,3,Dysk,HV,,,,339,148,191,114
01102150208,3,Dysk,HW,,,,293,133,160,115
01102150209,3,Dysk,HX,,,,563,226,337,180
01102150210,3,Dysk,HPO,,,,440,224,216,143
011021503,2,Dysk,HO,,,,3187,1453,1734,1263
01102150301,3,Dysk,HOP,,,,143,72,71,64
01102150302,3,Dysk,HOQ,,,,480,201,279,139
01102150303,3,Dysk,HOR,,,,293,144,149,123
01102150304,3,Dysk,HOS,,,,88,39,49,35
01102150305,3,Dysk,HOT,,,,356,172,184,140
01102150306,3,Dysk,HOU,,,,808,349,459,339
01102150307,3,Dysk,HOV,,,,116,52,64,52
01102150308,3,Dysk,HOW,,,,704,324,380,305
01102150309,3,Dysk,HOX,,,,-,-,-,-
01102150310,3,Dysk,HOPO,,,,199,100,99,66
011021504,2,Dysk,Hl,,,,2942,1374,1568,1169
01102150401,3,Dysk,HlP,,,,65,30,35,23
01102150402,3,Dysk,HlQ,,,,417,209,208,161
01102150403,3,Dysk,HlR,,,,396,185,211,150
01102150404,3,Dysk,HlS,,,,232,107,125,112
01102150405,3,Dysk,HlT,,,,340,159,181,152
01102150406,3,Dysk,HlU,,,,302,136,166,124
01102150407,3,Dysk,HlV,,,,210,78,132,90
01102150408,3,Dysk,HlW,,,,350,167,183,151
01102150409,3,Dysk,HlX,,,,254,121,133,85
01102150410,3,Dysk,HlPO,,,,376,182,194,121
011021505,2,Dysk,H܏,,,,2031,962,1069,760
01102150501,3,Dysk,H܏P,,,,59,29,30,24
01102150502,3,Dysk,H܏Q,,,,93,47,46,29
01102150503,3,Dysk,H܏R,,,,302,147,155,111
01102150504,3,Dysk,H܏S,,,,169,75,94,67
01102150505,3,Dysk,H܏T,,,,230,108,122,92
01102150506,3,Dysk,H܏U,,,,316,140,176,135
01102150507,3,Dysk,H܏V,,,,89,43,46,33
01102150508,3,Dysk,H܏W,,,,71,36,35,31
01102150509,3,Dysk,H܏X,,,,422,199,223,161
01102150510,3,Dysk,H܏PO,,,,280,138,142,77
011021506,2,Dysk,HZ,,,,2062,966,1096,779
01102150601,3,Dysk,HZP,,,,201,82,119,66
01102150602,3,Dysk,HZQ,,,,149,70,79,58
01102150603,3,Dysk,HZR,,,,234,117,117,87
01102150604,3,Dysk,HZS,,,,265,137,128,106
01102150605,3,Dysk,HZT,,,,302,139,163,122
01102150606,3,Dysk,HZU,,,,417,187,230,159
01102150607,3,Dysk,HZV,,,,99,47,52,35
01102150608,3,Dysk,HZW,,,,395,187,208,146
011021507,2,Dysk,H,,,,2379,1111,1268,877
01102150701,3,Dysk,HP,,,,135,62,73,52
01102150702,3,Dysk,HQ,,,,323,160,163,122
01102150703,3,Dysk,HR,,,,300,151,149,107
01102150704,3,Dysk,HS,,,,356,127,229,85
01102150705,3,Dysk,HT,,,,250,121,129,111
01102150706,3,Dysk,HU,,,,693,335,358,272
01102150707,3,Dysk,HV,,,,213,98,115,89
01102150708,3,Dysk,HW,,,,109,57,52,39
011021508,2,Dysk,H,,,,2663,1296,1367,1040
01102150801,3,Dysk,HP,,,,189,88,101,72
01102150802,3,Dysk,HQ,,,,375,191,184,139
01102150803,3,Dysk,HR,,,,257,118,139,100
01102150804,3,Dysk,HS,,,,283,130,153,128
01102150805,3,Dysk,HT,,,,165,81,84,77
01102150806,3,Dysk,HU,,,,976,479,497,372
01102150807,3,Dysk,HV,,,,418,209,209,152
011021509,2,Dysk,H,,,,1341,635,706,498
01102150901,3,Dysk,HP,,,,112,51,61,43
01102150902,3,Dysk,HQ,,,,411,197,214,156
01102150903,3,Dysk,HR,,,,253,114,139,89
01102150904,3,Dysk,HS,,,,391,192,199,162
01102150906,3,Dysk,HU,,,,174,81,93,48
011021510,2,Dysk,H\,,,,985,436,549,343
01102151001,3,Dysk,H\P,,,,159,45,114,25
01102151002,3,Dysk,H\Q,,,,258,120,138,101
01102151003,3,Dysk,H\R,,,,235,109,126,94
01102151004,3,Dysk,H\S,,,,333,162,171,123
011021601,2,Dysk,k,,,,868,429,439,300
01102160101,3,Dysk,kP,,,,94,50,44,27
01102160102,3,Dysk,kQ,,,,123,60,63,37
01102160103,3,Dysk,kR,,,,399,191,208,143
01102160104,3,Dysk,kS,,,,252,128,124,93
011021602,2,Dysk,k,,,,1365,678,687,460
01102160201,3,Dysk,kP,,,,293,151,142,85
01102160202,3,Dysk,kQ,,,,274,135,139,103
01102160203,3,Dysk,kR,,,,483,252,231,162
01102160204,3,Dysk,kS,,,,315,140,175,110
011021603,2,Dysk,kO,,,,1316,627,689,475
01102160301,3,Dysk,kOP,,,,425,184,241,173
01102160302,3,Dysk,kOQ,,,,154,80,74,56
01102160303,3,Dysk,kOR,,,,504,250,254,163
01102160304,3,Dysk,kOS,,,,233,113,120,83
011021604,2,Dysk,kl,,,,1675,814,861,639
01102160401,3,Dysk,klP,,,,493,243,250,198
01102160402,3,Dysk,klQ,,,,266,128,138,105
01102160403,3,Dysk,klR,,,,478,231,247,179
01102160404,3,Dysk,klS,,,,438,212,226,157
011021605,2,Dysk,k܏,,,,1296,587,709,540
01102160501,3,Dysk,k܏P,,,,14,7,7,4
01102160502,3,Dysk,k܏Q,,,,436,205,231,190
01102160503,3,Dysk,k܏R,,,,383,181,202,156
01102160504,3,Dysk,k܏S,,,,463,194,269,190
01102160505,3,Dysk,k܏T,,,,-,-,-,-
011021606,2,Dysk,kZ,,,,1372,634,738,525
01102160601,3,Dysk,kZP,,,,546,259,287,189
01102160602,3,Dysk,kZQ,,,,315,143,172,131
01102160603,3,Dysk,kZR,,,,293,123,170,121
01102160604,3,Dysk,kZS,,,,120,57,63,48
01102160605,3,Dysk,kZT,,,,98,52,46,36
011021607,2,Dysk,k,,,,1240,593,647,519
01102160701,3,Dysk,kP,,,,234,118,116,97
01102160702,3,Dysk,kQ,,,,357,169,188,146
01102160703,3,Dysk,kR,,,,299,141,158,131
01102160704,3,Dysk,kS,,,,178,86,92,78
01102160705,3,Dysk,kT,,,,172,79,93,67
011021608,2,Dysk,k,,,,843,386,457,320
01102160801,3,Dysk,kP,,,,109,51,58,45
01102160802,3,Dysk,kQ,,,,257,114,143,99
01102160803,3,Dysk,kR,,,,189,84,105,67
01102160804,3,Dysk,kS,,,,137,67,70,55
01102160805,3,Dysk,kT,,,,151,70,81,54
011021701,2,Dysk,̗,,,,3517,1615,1902,1383
01102170103,3,Dysk,̗R,,,,838,383,455,313
01102170104,3,Dysk,̗S,,,,876,406,470,346
01102170105,3,Dysk,̗T,,,,-,-,-,-
01102170106,3,Dysk,̗U,,,,1255,566,689,541
01102170107,3,Dysk,̗V,,,,548,260,288,183
011021702,2,Dysk,̗,,,,4686,2191,2495,1764
01102170201,3,Dysk,̗P,,,,866,416,450,259
01102170202,3,Dysk,̗Q,,,,520,249,271,183
01102170203,3,Dysk,̗R,,,,443,219,224,156
01102170204,3,Dysk,̗S,,,,650,295,355,262
01102170205,3,Dysk,̗T,,,,293,143,150,84
01102170206,3,Dysk,̗U,,,,1176,518,658,572
01102170207,3,Dysk,̗V,,,,525,254,271,177
01102170208,3,Dysk,̗W,,,,213,97,116,71
011021703,2,Dysk,̗O,,,,7596,3611,3985,2610
01102170301,3,Dysk,̗OP,,,,745,350,395,242
01102170302,3,Dysk,̗OQ,,,,465,215,250,160
01102170303,3,Dysk,̗OR,,,,318,154,164,101
01102170304,3,Dysk,̗OS,,,,450,210,240,139
01102170305,3,Dysk,̗OT,,,,531,234,297,202
01102170306,3,Dysk,̗OU,,,,1290,608,682,498
01102170307,3,Dysk,̗OV,,,,1131,550,581,362
01102170308,3,Dysk,̗OW,,,,821,395,426,255
01102170309,3,Dysk,̗OX,,,,946,468,478,361
01102170310,3,Dysk,̗OPO,,,,899,427,472,290
011021704,2,Dysk,̗l,,,,4234,2057,2177,1468
01102170401,3,Dysk,̗lP,,,,101,43,58,35
01102170402,3,Dysk,̗lQ,,,,660,336,324,201
01102170403,3,Dysk,̗lR,,,,676,326,350,227
01102170404,3,Dysk,̗lS,,,,488,235,253,155
01102170405,3,Dysk,̗lT,,,,1152,556,596,449
01102170406,3,Dysk,̗lU,,,,1084,521,563,379
01102170407,3,Dysk,̗lV,,,,73,40,33,22
01102170408,3,Dysk,̗lW,,,,-,-,-,-
01102170409,3,Dysk,̗lX,,,,-,-,-,-
01102170410,3,Dysk,̗lPO,,,,-,-,-,-
011021705,2,Dysk,̗܏,,,,48,47,1,2
011021801,2,Dysk,ˈ,,,,440,217,223,181
01102180101,3,Dysk,ˈP,,,,369,180,189,147
01102180102,3,Dysk,ˈQ,,,,2,1,1,1
01102180103,3,Dysk,ˈR,,,,69,36,33,33
011021802,2,Dysk,˓,,,,473,214,259,153
01102180201,3,Dysk,˓P,,,,289,139,150,108
01102180202,3,Dysk,˓Q,,,,175,71,104,41
01102180203,3,Dysk,˓R,,,,9,4,5,4
011021901,2,Dysk,ˈ,,,,383,182,201,146
011021902,2,Dysk,˓,,,,394,202,192,154
011021903,2,Dysk,ˎO,,,,180,87,93,66
011021904,2,Dysk,ˎl,,,,511,247,264,176
01102190401,3,Dysk,ˎlP,,,,225,109,116,79
01102190402,3,Dysk,ˎlQ,,,,286,138,148,97
011021905,2,Dysk,ˌ܏,,,,363,176,187,139
011021906,2,Dysk,˘Z,,,,318,150,168,110
011021907,2,Dysk,ˎ,,,,332,159,173,109
011022000,2,Dysk,,,,,715,274,441,153
011022100,2,Dysk,,,,,83,36,47,29
011022201,2,Dysk,V쐼,,,,658,310,348,252
01102220101,3,Dysk,V쐼P,,,,-,-,-,-
01102220102,3,Dysk,V쐼Q,,,,-,-,-,-
01102220103,3,Dysk,V쐼R,,,,215,102,113,82
01102220104,3,Dysk,V쐼S,,,,54,30,24,25
01102220106,3,Dysk,V쐼U,,,,243,109,134,89
01102220107,3,Dysk,V쐼V,,,,146,69,77,56
011022202,2,Dysk,V쐼,,,,1820,903,917,617
01102220201,3,Dysk,V쐼P,,,,-,-,-,-
01102220202,3,Dysk,V쐼Q,,,,348,166,182,107
01102220203,3,Dysk,V쐼R,,,,396,187,209,132
01102220204,3,Dysk,V쐼S,,,,277,145,132,92
01102220205,3,Dysk,V쐼T,,,,393,207,186,143
01102220206,3,Dysk,V쐼U,,,,260,125,135,89
01102220207,3,Dysk,V쐼V,,,,146,73,73,54
011022203,2,Dysk,V쐼O,,,,1485,685,800,479
01102220301,3,Dysk,V쐼OP,,,,-,-,-,-
01102220302,3,Dysk,V쐼OQ,,,,117,37,80,13
01102220303,3,Dysk,V쐼OR,,,,337,158,179,116
01102220304,3,Dysk,V쐼OS,,,,297,139,158,98
01102220305,3,Dysk,V쐼OT,,,,421,205,216,144
01102220306,3,Dysk,V쐼OU,,,,237,111,126,83
01102220307,3,Dysk,V쐼OV,,,,76,35,41,25
011022204,2,Dysk,V쐼l,,,,689,349,340,235
01102220403,3,Dysk,V쐼lR,,,,289,146,143,100
01102220404,3,Dysk,V쐼lS,,,,400,203,197,135
011022205,2,Dysk,V쐼܏,,,,291,140,151,92
011022300,2,Dysk,S,,,,5497,2560,2937,2047
01102230001,3,Dysk,SP,,,,381,180,201,145
01102230002,3,Dysk,SQ,,,,313,150,163,121
01102230003,3,Dysk,SR,,,,212,103,109,75
01102230004,3,Dysk,SS,,,,519,240,279,195
01102230005,3,Dysk,ST,,,,665,324,341,259
01102230006,3,Dysk,SU,,,,626,297,329,230
01102230007,3,Dysk,SV,,,,923,447,476,330
01102230008,3,Dysk,SW,,,,640,295,345,251
01102230009,3,Dysk,SX,,,,743,349,394,309
01102230010,3,Dysk,SPO,,,,227,111,116,117
01102230011,3,Dysk,SPP,,,,248,64,184,15
011022406,2,Dysk,kZ,,,,556,273,283,324
01102240601,3,Dysk,kZ𐼂P,,,,2,1,1,1
01102240602,3,Dysk,kZ𐼂Q,,,,-,-,-,-
01102240603,3,Dysk,kZ𐼂R,,,,-,-,-,-
01102240604,3,Dysk,kZ𐼂S,,,,2,2,-,2
01102240605,3,Dysk,kZ𐼂T,,,,-,-,-,-
01102240606,3,Dysk,kZ𐼂U,,,,211,88,123,131
01102240607,3,Dysk,kZ𐼂V,,,,-,-,-,-
01102240608,3,Dysk,kZ𐼂W,,,,161,96,65,115
01102240609,3,Dysk,kZ𐼂X,,,,180,86,94,75
011022407,2,Dysk,k,,,,1435,690,745,880
01102240701,3,Dysk,k𐼂P,,,,124,47,77,74
01102240702,3,Dysk,k𐼂Q,,,,-,-,-,-
01102240703,3,Dysk,k𐼂R,,,,-,-,-,-
01102240704,3,Dysk,k𐼂S,,,,-,-,-,-
01102240705,3,Dysk,k𐼂T,,,,38,12,26,28
01102240706,3,Dysk,k𐼂U,,,,558,262,296,394
01102240707,3,Dysk,k𐼂V,,,,116,74,42,59
01102240708,3,Dysk,k𐼂W,,,,117,68,49,82
01102240709,3,Dysk,k𐼂X,,,,158,96,62,82
01102240710,3,Dysk,k𐼂PO,,,,324,131,193,161
011022408,2,Dysk,k,,,,1491,639,852,948
01102240801,3,Dysk,k𐼂P,,,,38,22,16,20
01102240802,3,Dysk,k𐼂Q,,,,-,-,-,-
01102240803,3,Dysk,k𐼂R,,,,580,273,307,344
01102240804,3,Dysk,k𐼂S,,,,244,123,121,219
01102240805,3,Dysk,k𐼂T,,,,41,23,18,22
01102240806,3,Dysk,k𐼂U,,,,470,137,333,292
01102240807,3,Dysk,k𐼂V,,,,67,36,31,29
01102240811,3,Dysk,k𐼂PP,,,,51,25,26,22
011022409,2,Dysk,k,,,,507,231,276,310
01102240901,3,Dysk,k𐼂P,,,,-,-,-,-
01102240902,3,Dysk,k𐼂Q,,,,36,19,17,28
01102240903,3,Dysk,k𐼂R,,,,118,60,58,75
01102240904,3,Dysk,k𐼂S,,,,353,152,201,207
01102240905,3,Dysk,k𐼂T,,,,-,-,-,-
011022410,2,Dysk,k\,,,,1577,863,714,1162
01102241001,3,Dysk,k\𐼂P,,,,583,302,281,332
01102241002,3,Dysk,k\𐼂Q,,,,333,179,154,316
01102241003,3,Dysk,k\𐼂R,,,,227,131,96,177
01102241004,3,Dysk,k\𐼂S,,,,434,251,183,337
011022411,2,Dysk,k\,,,,1647,895,752,1247
01102241101,3,Dysk,k\𐼂P,,,,389,192,197,238
01102241102,3,Dysk,k\𐼂Q,,,,355,231,124,278
01102241103,3,Dysk,k\𐼂R,,,,600,322,278,479
01102241104,3,Dysk,k\𐼂S,,,,303,150,153,252
011022412,2,Dysk,k\,,,,1171,657,514,863
01102241201,3,Dysk,k\𐼂P,,,,414,187,227,218
01102241202,3,Dysk,k\𐼂Q,,,,178,92,86,111
01102241203,3,Dysk,k\𐼂R,,,,150,104,46,130
01102241204,3,Dysk,k\𐼂S,,,,429,274,155,404
011022413,2,Dysk,k\O,,,,1463,837,626,1169
01102241301,3,Dysk,k\O𐼂P,,,,433,277,156,421
01102241302,3,Dysk,k\O𐼂Q,,,,377,191,186,245
01102241303,3,Dysk,k\O𐼂R,,,,404,182,222,278
01102241304,3,Dysk,k\O𐼂S,,,,249,187,62,225
011022414,2,Dysk,k\l,,,,1133,646,487,825
01102241401,3,Dysk,k\l𐼂P,,,,204,116,88,139
01102241402,3,Dysk,k\l𐼂Q,,,,346,170,176,222
01102241403,3,Dysk,k\l𐼂R,,,,273,187,86,232
01102241404,3,Dysk,k\l𐼂S,,,,264,146,118,231
01102241405,3,Dysk,k\l𐼂T,,,,46,27,19,1
011022415,2,Dysk,k\܏,,,,1113,677,436,933
01102241501,3,Dysk,k\܏𐼂P,,,,184,120,64,173
01102241502,3,Dysk,k\܏𐼂Q,,,,186,129,57,162
01102241503,3,Dysk,k\܏𐼂R,,,,335,216,119,282
01102241504,3,Dysk,k\܏𐼂S,,,,389,204,185,304
01102241505,3,Dysk,k\܏𐼂T,,,,19,8,11,12
011022416,2,Dysk,k\Z,,,,837,359,478,612
01102241601,3,Dysk,k\Z𐼂P,,,,-,-,-,-
01102241602,3,Dysk,k\Z𐼂Q,,,,55,-,55,10
01102241603,3,Dysk,k\Z𐼂R,,,,273,123,150,174
01102241604,3,Dysk,k\Z𐼂S,,,,231,123,108,173
01102241605,3,Dysk,k\Z𐼂T,,,,200,113,87,177
01102241606,3,Dysk,k\Z𐼂U,,,,78,-,78,78
011022417,2,Dysk,k\,,,,1487,741,746,1123
01102241701,3,Dysk,k\𐼂P,,,,26,14,12,19
01102241702,3,Dysk,k\𐼂Q,,,,162,93,69,118
01102241703,3,Dysk,k\𐼂R,,,,470,239,231,405
01102241704,3,Dysk,k\𐼂S,,,,435,195,240,312
01102241705,3,Dysk,k\𐼂T,,,,312,169,143,233
01102241706,3,Dysk,k\𐼂U,,,,82,31,51,36
011022418,2,Dysk,k\,,,,2761,1631,1130,1847
01102241802,3,Dysk,k\𐼂Q,,,,73,36,37,48
01102241803,3,Dysk,k\𐼂R,,,,727,371,356,541
01102241804,3,Dysk,k\𐼂S,,,,708,399,309,604
01102241805,3,Dysk,k\𐼂T,,,,402,217,185,297
01102241806,3,Dysk,k\𐼂U,,,,384,226,158,322
01102241807,3,Dysk,k\𐼂V,,,,38,25,13,29
01102241813,3,Dysk,k\𐼂PR,,,,429,357,72,6
011022419,2,Dysk,k\,,,,1720,947,773,1324
01102241902,3,Dysk,k\𐼂Q,,,,157,75,82,102
01102241903,3,Dysk,k\𐼂R,,,,335,201,134,267
01102241904,3,Dysk,k\𐼂S,,,,302,120,182,255
01102241905,3,Dysk,k\𐼂T,,,,309,183,126,225
01102241906,3,Dysk,k\𐼂U,,,,371,215,156,282
01102241907,3,Dysk,k\𐼂V,,,,246,153,93,193
01102241910,3,Dysk,k\𐼂PO,,,,-,-,-,-
011022420,2,Dysk,k\,,,,2276,1291,985,1714
01102242002,3,Dysk,k\𐼂Q,,,,409,212,197,277
01102242003,3,Dysk,k\𐼂R,,,,339,179,160,240
01102242004,3,Dysk,k\𐼂S,,,,448,257,191,382
01102242005,3,Dysk,k\𐼂T,,,,319,180,139,223
01102242006,3,Dysk,k\𐼂U,,,,347,202,145,264
01102242007,3,Dysk,k\𐼂V,,,,274,159,115,211
01102242008,3,Dysk,k\𐼂W,,,,140,102,38,117
011022421,2,Dysk,k\,,,,2581,1394,1187,1853
01102242102,3,Dysk,k\𐼂Q,,,,312,176,136,229
01102242103,3,Dysk,k\𐼂R,,,,375,194,181,281
01102242104,3,Dysk,k\𐼂S,,,,333,177,156,274
01102242105,3,Dysk,k\𐼂T,,,,264,152,112,207
01102242106,3,Dysk,k\𐼂U,,,,395,203,192,269
01102242107,3,Dysk,k\𐼂V,,,,324,170,154,204
01102242108,3,Dysk,k\𐼂W,,,,432,221,211,293
01102242113,3,Dysk,k\𐼂PR,,,,146,101,45,96
011022422,2,Dysk,k\,,,,2554,1291,1263,1634
01102242202,3,Dysk,k\𐼂Q,,,,306,155,151,237
01102242203,3,Dysk,k\𐼂R,,,,339,164,175,232
01102242204,3,Dysk,k\𐼂S,,,,395,185,210,251
01102242205,3,Dysk,k\𐼂T,,,,272,139,133,197
01102242206,3,Dysk,k\𐼂U,,,,269,133,136,192
01102242207,3,Dysk,k\𐼂V,,,,410,203,207,104
01102242208,3,Dysk,k\𐼂W,,,,342,185,157,248
01102242209,3,Dysk,k\𐼂X,,,,221,127,94,173
01102242213,3,Dysk,k\𐼂PR,,,,-,-,-,-
011022423,2,Dysk,k\O,,,,4052,1853,2199,2750
01102242302,3,Dysk,k\O𐼂Q,,,,448,201,247,318
01102242303,3,Dysk,k\O𐼂R,,,,658,257,401,491
01102242304,3,Dysk,k\O𐼂S,,,,608,261,347,442
01102242305,3,Dysk,k\O𐼂T,,,,431,241,190,355
01102242306,3,Dysk,k\O𐼂U,,,,518,212,306,360
01102242307,3,Dysk,k\O𐼂V,,,,271,136,135,193
01102242308,3,Dysk,k\O𐼂W,,,,327,179,148,202
01102242309,3,Dysk,k\O𐼂X,,,,273,134,139,192
01102242310,3,Dysk,k\O𐼂PO,,,,120,64,56,62
01102242313,3,Dysk,k\O𐼂PR,,,,61,29,32,20
01102242314,3,Dysk,k\O𐼂PS,,,,337,139,198,115
011022424,2,Dysk,k\l,,,,3921,1891,2030,2082
01102242402,3,Dysk,k\l𐼂Q,,,,249,125,124,195
01102242403,3,Dysk,k\l𐼂R,,,,262,108,154,169
01102242404,3,Dysk,k\l𐼂S,,,,64,29,35,45
01102242405,3,Dysk,k\l𐼂T,,,,7,4,3,2
01102242406,3,Dysk,k\l𐼂U,,,,264,84,180,203
01102242407,3,Dysk,k\l𐼂V,,,,-,-,-,-
01102242408,3,Dysk,k\l𐼂W,,,,68,45,23,56
01102242409,3,Dysk,k\l𐼂X,,,,-,-,-,-
01102242410,3,Dysk,k\l𐼂PO,,,,831,482,349,406
01102242411,3,Dysk,k\l𐼂PP,,,,295,161,134,121
01102242412,3,Dysk,k\l𐼂PQ,,,,358,165,193,151
01102242413,3,Dysk,k\l𐼂PR,,,,212,100,112,91
01102242414,3,Dysk,k\l𐼂PS,,,,203,84,119,125
01102242415,3,Dysk,k\l𐼂PT,,,,197,86,111,97
01102242416,3,Dysk,k\l𐼂PU,,,,199,92,107,113
01102242417,3,Dysk,k\l𐼂PV,,,,127,55,72,71
01102242418,3,Dysk,k\l𐼂PW,,,,279,132,147,109
01102242419,3,Dysk,k\l𐼂PX,,,,306,139,167,128
011022425,2,Dysk,k\܏,,,,4744,2149,2595,2264
01102242502,3,Dysk,k\܏𐼂Q,,,,146,54,92,97
01102242503,3,Dysk,k\܏𐼂R,,,,180,69,111,100
01102242504,3,Dysk,k\܏𐼂S,,,,305,123,182,257
01102242505,3,Dysk,k\܏𐼂T,,,,272,113,159,207
01102242506,3,Dysk,k\܏𐼂U,,,,135,61,74,64
01102242507,3,Dysk,k\܏𐼂V,,,,76,49,27,43
01102242508,3,Dysk,k\܏𐼂W,,,,184,92,92,106
01102242509,3,Dysk,k\܏𐼂X,,,,633,293,340,254
01102242511,3,Dysk,k\܏𐼂PP,,,,-,-,-,-
01102242512,3,Dysk,k\܏𐼂PQ,,,,356,170,186,142
01102242513,3,Dysk,k\܏𐼂PR,,,,357,167,190,137
01102242514,3,Dysk,k\܏𐼂PS,,,,324,166,158,165
01102242515,3,Dysk,k\܏𐼂PT,,,,331,153,178,143
01102242516,3,Dysk,k\܏𐼂PU,,,,622,275,347,223
01102242517,3,Dysk,k\܏𐼂PV,,,,625,291,334,252
01102242518,3,Dysk,k\܏𐼂PW,,,,198,73,125,74
011022426,2,Dysk,k\Z,,,,2194,1082,1112,1360
01102242602,3,Dysk,k\Z𐼂Q,,,,250,141,109,200
01102242603,3,Dysk,k\Z𐼂R,,,,204,95,109,144
01102242604,3,Dysk,k\Z𐼂S,,,,89,38,51,57
01102242605,3,Dysk,k\Z𐼂T,,,,301,159,142,265
01102242606,3,Dysk,k\Z𐼂U,,,,128,47,81,81
01102242607,3,Dysk,k\Z𐼂V,,,,121,56,65,81
01102242608,3,Dysk,k\Z𐼂W,,,,139,79,60,101
01102242609,3,Dysk,k\Z𐼂X,,,,232,109,123,125
01102242612,3,Dysk,k\Z𐼂PQ,,,,33,16,17,15
01102242613,3,Dysk,k\Z𐼂PR,,,,17,8,9,7
01102242614,3,Dysk,k\Z𐼂PS,,,,137,58,79,54
01102242615,3,Dysk,k\Z𐼂PT,,,,126,64,62,53
01102242616,3,Dysk,k\Z𐼂PU,,,,197,102,95,74
01102242617,3,Dysk,k\Z𐼂PV,,,,220,110,110,103
011022427,2,Dysk,k\,,,,4238,1999,2239,2223
01102242702,3,Dysk,k\𐼂Q,,,,284,137,147,184
01102242703,3,Dysk,k\𐼂R,,,,196,95,101,135
01102242704,3,Dysk,k\𐼂S,,,,241,102,139,154
01102242705,3,Dysk,k\𐼂T,,,,331,139,192,186
01102242706,3,Dysk,k\𐼂U,,,,198,93,105,133
01102242707,3,Dysk,k\𐼂V,,,,194,83,111,117
01102242708,3,Dysk,k\𐼂W,,,,169,81,88,89
01102242709,3,Dysk,k\𐼂X,,,,249,129,120,165
01102242710,3,Dysk,k\𐼂PO,,,,177,79,98,83
01102242711,3,Dysk,k\𐼂PP,,,,380,193,187,171
01102242712,3,Dysk,k\𐼂PQ,,,,514,244,270,242
01102242713,3,Dysk,k\𐼂PR,,,,410,198,212,180
01102242714,3,Dysk,k\𐼂PS,,,,236,113,123,113
01102242715,3,Dysk,k\𐼂PT,,,,306,151,155,130
01102242716,3,Dysk,k\𐼂PU,,,,353,162,191,141
011022428,2,Dysk,k\,,,,2694,1320,1374,1561
01102242802,3,Dysk,k\𐼂Q,,,,254,138,116,162
01102242803,3,Dysk,k\𐼂R,,,,195,89,106,136
01102242804,3,Dysk,k\𐼂S,,,,250,125,125,175
01102242805,3,Dysk,k\𐼂T,,,,254,137,117,185
01102242806,3,Dysk,k\𐼂U,,,,99,44,55,59
01102242807,3,Dysk,k\𐼂V,,,,202,105,97,132
01102242808,3,Dysk,k\𐼂W,,,,159,83,76,93
01102242809,3,Dysk,k\𐼂X,,,,152,77,75,70
01102242810,3,Dysk,k\𐼂PO,,,,271,119,152,134
01102242811,3,Dysk,k\𐼂PP,,,,200,98,102,97
01102242812,3,Dysk,k\𐼂PQ,,,,202,89,113,92
01102242813,3,Dysk,k\𐼂PR,,,,116,51,65,55
01102242814,3,Dysk,k\𐼂PS,,,,163,76,87,77
01102242815,3,Dysk,k\𐼂PT,,,,177,89,88,94
011022429,2,Dysk,k\,,,,2464,1185,1279,1365
01102242902,3,Dysk,k\𐼂Q,,,,-,-,-,-
01102242903,3,Dysk,k\𐼂R,,,,52,29,23,21
01102242904,3,Dysk,k\𐼂S,,,,467,188,279,270
01102242905,3,Dysk,k\𐼂T,,,,257,128,129,140
01102242906,3,Dysk,k\𐼂U,,,,207,97,110,109
01102242907,3,Dysk,k\𐼂V,,,,188,88,100,94
01102242908,3,Dysk,k\𐼂W,,,,121,60,61,78
01102242909,3,Dysk,k\𐼂X,,,,257,116,141,126
01102242910,3,Dysk,k\𐼂PO,,,,114,65,49,65
01102242911,3,Dysk,k\𐼂PP,,,,146,62,84,93
01102242912,3,Dysk,k\𐼂PQ,,,,168,92,76,91
01102242913,3,Dysk,k\𐼂PR,,,,140,76,64,77
01102242914,3,Dysk,k\𐼂PS,,,,206,102,104,117
01102242915,3,Dysk,k\𐼂PT,,,,141,82,59,84
011022430,2,Dysk,kO\,,,,2128,1036,1092,1221
01102243002,3,Dysk,kO\𐼂Q,,,,138,66,72,101
01102243003,3,Dysk,kO\𐼂R,,,,187,91,96,140
01102243004,3,Dysk,kO\𐼂S,,,,117,59,58,75
01102243005,3,Dysk,kO\𐼂T,,,,75,38,37,52
01102243006,3,Dysk,kO\𐼂U,,,,149,80,69,87
01102243007,3,Dysk,kO\𐼂V,,,,249,113,136,151
01102243008,3,Dysk,kO\𐼂W,,,,166,86,80,88
01102243009,3,Dysk,kO\𐼂X,,,,352,161,191,179
01102243010,3,Dysk,kO\𐼂PO,,,,172,88,84,89
01102243011,3,Dysk,kO\𐼂PP,,,,184,91,93,84
01102243012,3,Dysk,kO\𐼂PQ,,,,143,65,78,75
01102243013,3,Dysk,kO\𐼂PR,,,,134,75,59,71
01102243014,3,Dysk,kO\𐼂PS,,,,62,23,39,29
011022431,2,Dysk,kO\,,,,2833,1339,1494,1529
01102243102,3,Dysk,kO\𐼂Q,,,,156,62,94,97
01102243103,3,Dysk,kO\𐼂R,,,,252,123,129,205
01102243104,3,Dysk,kO\𐼂S,,,,230,111,119,150
01102243105,3,Dysk,kO\𐼂T,,,,147,69,78,95
01102243106,3,Dysk,kO\𐼂U,,,,323,150,173,185
01102243107,3,Dysk,kO\𐼂V,,,,69,29,40,36
01102243108,3,Dysk,kO\𐼂W,,,,214,106,108,127
01102243109,3,Dysk,kO\𐼂X,,,,61,37,24,40
01102243110,3,Dysk,kO\𐼂PO,,,,52,28,24,20
01102243111,3,Dysk,kO\𐼂PP,,,,543,253,290,214
01102243112,3,Dysk,kO\𐼂PQ,,,,375,177,198,181
01102243113,3,Dysk,kO\𐼂PR,,,,225,107,118,97
01102243114,3,Dysk,kO\𐼂PS,,,,186,87,99,82
011022432,2,Dysk,kO\,,,,2372,1128,1244,1397
01102243202,3,Dysk,kO\𐼂Q,,,,157,79,78,119
01102243203,3,Dysk,kO\𐼂R,,,,263,127,136,185
01102243204,3,Dysk,kO\𐼂S,,,,215,101,114,151
01102243205,3,Dysk,kO\𐼂T,,,,259,124,135,152
01102243206,3,Dysk,kO\𐼂U,,,,236,114,122,170
01102243207,3,Dysk,kO\𐼂V,,,,182,84,98,98
01102243208,3,Dysk,kO\𐼂W,,,,212,96,116,98
01102243209,3,Dysk,kO\𐼂X,,,,246,112,134,148
01102243210,3,Dysk,kO\𐼂PO,,,,342,163,179,166
01102243211,3,Dysk,kO\𐼂PP,,,,246,121,125,104
01102243212,3,Dysk,kO\𐼂PQ,,,,14,7,7,6
01102243213,3,Dysk,kO\𐼂PR,,,,-,-,-,-
011022433,2,Dysk,kO\O,,,,2394,1083,1311,1307
01102243302,3,Dysk,kO\O𐼂Q,,,,104,47,57,65
01102243303,3,Dysk,kO\O𐼂R,,,,249,129,120,190
01102243304,3,Dysk,kO\O𐼂S,,,,136,54,82,79
01102243305,3,Dysk,kO\O𐼂T,,,,-,-,-,-
01102243306,3,Dysk,kO\O𐼂U,,,,454,182,272,234
01102243307,3,Dysk,kO\O𐼂V,,,,403,161,242,210
01102243308,3,Dysk,kO\O𐼂W,,,,-,-,-,-
01102243309,3,Dysk,kO\O𐼂X,,,,265,138,127,149
01102243310,3,Dysk,kO\O𐼂PO,,,,202,99,103,117
01102243311,3,Dysk,kO\O𐼂PP,,,,286,143,143,142
01102243312,3,Dysk,kO\O𐼂PQ,,,,295,130,165,121
011022434,2,Dysk,kO\l,,,,2271,1049,1222,1345
01102243402,3,Dysk,kO\l𐼂Q,,,,106,41,65,87
01102243403,3,Dysk,kO\l𐼂R,,,,163,74,89,111
01102243404,3,Dysk,kO\l𐼂S,,,,165,70,95,115
01102243405,3,Dysk,kO\l𐼂T,,,,305,127,178,248
01102243406,3,Dysk,kO\l𐼂U,,,,95,45,50,73
01102243407,3,Dysk,kO\l𐼂V,,,,111,49,62,69
01102243408,3,Dysk,kO\l𐼂W,,,,228,99,129,118
01102243409,3,Dysk,kO\l𐼂X,,,,441,215,226,172
01102243410,3,Dysk,kO\l𐼂PO,,,,368,194,174,187
01102243411,3,Dysk,kO\l𐼂PP,,,,289,135,154,165
011022435,2,Dysk,kO\܏,,,,2866,1331,1535,1570
01102243502,3,Dysk,kO\܏𐼂Q,,,,360,169,191,207
01102243503,3,Dysk,kO\܏𐼂R,,,,276,109,167,175
01102243504,3,Dysk,kO\܏𐼂S,,,,206,99,107,147
01102243505,3,Dysk,kO\܏𐼂T,,,,245,115,130,165
01102243506,3,Dysk,kO\܏𐼂U,,,,362,150,212,181
01102243507,3,Dysk,kO\܏𐼂V,,,,686,334,352,298
01102243508,3,Dysk,kO\܏𐼂W,,,,280,122,158,146
01102243509,3,Dysk,kO\܏𐼂X,,,,266,143,123,161
01102243510,3,Dysk,kO\܏𐼂PO,,,,185,90,95,90
011022436,2,Dysk,kO\Z,,,,2469,1107,1362,1445
01102243602,3,Dysk,kO\Z𐼂Q,,,,154,76,78,95
01102243603,3,Dysk,kO\Z𐼂R,,,,440,218,222,312
01102243604,3,Dysk,kO\Z𐼂S,,,,329,144,185,225
01102243605,3,Dysk,kO\Z𐼂T,,,,-,-,-,-
01102243606,3,Dysk,kO\Z𐼂U,,,,133,58,75,91
01102243607,3,Dysk,kO\Z𐼂V,,,,553,236,317,335
01102243608,3,Dysk,kO\Z𐼂W,,,,780,333,447,336
01102243609,3,Dysk,kO\Z𐼂X,,,,29,16,13,21
01102243610,3,Dysk,kO\Z𐼂PO,,,,51,26,25,30
011022437,2,Dysk,kO\,,,,2231,984,1247,1371
01102243702,3,Dysk,kO\𐼂Q,,,,222,98,124,121
01102243703,3,Dysk,kO\𐼂R,,,,441,205,236,296
01102243704,3,Dysk,kO\𐼂S,,,,246,115,131,155
01102243705,3,Dysk,kO\𐼂T,,,,147,58,89,78
01102243706,3,Dysk,kO\𐼂U,,,,289,133,156,199
01102243707,3,Dysk,kO\𐼂V,,,,223,98,125,153
01102243708,3,Dysk,kO\𐼂W,,,,293,136,157,157
01102243709,3,Dysk,kO\𐼂X,,,,370,141,229,212
011022438,2,Dysk,kO\,,,,1980,871,1109,1292
01102243802,3,Dysk,kO\𐼂Q,,,,308,123,185,245
01102243803,3,Dysk,kO\𐼂R,,,,241,114,127,133
01102243804,3,Dysk,kO\𐼂S,,,,183,67,116,150
01102243805,3,Dysk,kO\𐼂T,,,,526,230,296,280
01102243806,3,Dysk,kO\𐼂U,,,,204,92,112,155
01102243807,3,Dysk,kO\𐼂V,,,,235,110,125,157
01102243808,3,Dysk,kO\𐼂W,,,,283,135,148,172
011022439,2,Dysk,kO\,,,,724,314,410,522
01102243903,3,Dysk,kO\𐼂R,,,,174,74,100,134
01102243904,3,Dysk,kO\𐼂S,,,,-,-,-,-
01102243905,3,Dysk,kO\𐼂T,,,,253,100,153,188
01102243906,3,Dysk,kO\𐼂U,,,,161,78,83,99
01102243907,3,Dysk,kO\𐼂V,,,,136,62,74,101
011022440,2,Dysk,kl\,,,,854,312,542,615
01102244004,3,Dysk,kl\𐼂S,,,,93,25,68,80
01102244005,3,Dysk,kl\𐼂T,,,,540,196,344,365
01102244006,3,Dysk,kl\𐼂U,,,,221,91,130,170
011022500,2,Dysk,삠̗,,,,895,426,469,293
01102250003,3,Dysk,삠̗R,,,,311,143,168,96
01102250004,3,Dysk,삠̗S,,,,329,161,168,104
01102250005,3,Dysk,삠̗T,,,,68,26,42,29
01102250006,3,Dysk,삠̗U,,,,145,74,71,49
01102250007,3,Dysk,삠̗V,,,,42,22,20,15
011029400,2,Dysk,S,,,,-,-,-,-
