KEY_CODE,HYOSYO,CITYNAME,NAME,HTKSYORI,HTKSAKI,GASSAN,T000572001,T000572002,T000572003,T000572004
,,,,,,,l,j,,ё
01108,1,Dysʋ,,,,,128492,59035,69457,54099
011082700,2,Dysʋ,t,,,,10895,4918,5977,4767
01108270001,3,Dysʋ,tP,,,,811,335,476,472
01108270002,3,Dysʋ,tQ,,,,515,216,299,254
01108270003,3,Dysʋ,tR,,,,1636,669,967,842
01108270004,3,Dysʋ,tS,,,,615,296,319,282
01108270005,3,Dysʋ,tT,,,,645,256,389,355
01108270006,3,Dysʋ,tU,,,,448,190,258,223
01108270007,3,Dysʋ,tV,,,,493,244,249,189
01108270008,3,Dysʋ,tW,,,,565,249,316,222
01108270009,3,Dysʋ,tX,,,,469,215,254,179
01108270010,3,Dysʋ,tPO,,,,275,131,144,104
01108270011,3,Dysʋ,tPP,,,,981,455,526,383
01108270012,3,Dysʋ,tPQ,,,,499,249,250,175
01108270013,3,Dysʋ,tPR,,,,1015,516,499,397
01108270014,3,Dysʋ,tPS,,,,698,333,365,273
01108270015,3,Dysʋ,tPT,,,,735,317,418,248
01108270016,3,Dysʋ,tPU,,,,495,247,248,169
011082800,2,Dysʋ,݂䓌,,,,4435,1957,2478,2080
01108280000,3,Dysʋ,݂䓌,,,,-,-,-,-
01108280001,3,Dysʋ,݂䓌P,,,,998,401,597,573
01108280002,3,Dysʋ,݂䓌Q,,,,611,282,329,256
01108280003,3,Dysʋ,݂䓌R,,,,964,417,547,472
01108280004,3,Dysʋ,݂䓌S,,,,264,120,144,102
01108280005,3,Dysʋ,݂䓌T,,,,813,372,441,363
01108280006,3,Dysʋ,݂䓌U,,,,447,211,236,176
01108280007,3,Dysʋ,݂䓌V,,,,338,154,184,138
011082900,2,Dysʋ,݂䐼,,,,4119,1795,2324,1702
01108290001,3,Dysʋ,݂䐼P,,,,-,-,-,-
01108290002,3,Dysʋ,݂䐼Q,,,,1334,571,763,556
01108290003,3,Dysʋ,݂䐼R,,,,653,306,347,264
01108290004,3,Dysʋ,݂䐼S,,,,1410,579,831,583
01108290005,3,Dysʋ,݂䐼T,,,,367,171,196,159
01108290006,3,Dysʋ,݂䐼U,,,,11,5,6,5
01108290007,3,Dysʋ,݂䐼V,,,,344,163,181,135
011083000,2,Dysʋ,݂,,,,4219,1889,2330,1779
01108300001,3,Dysʋ,݂P,,,,430,205,225,177
01108300002,3,Dysʋ,݂Q,,,,1370,595,775,566
01108300003,3,Dysʋ,݂R,,,,507,238,269,214
01108300004,3,Dysʋ,݂S,,,,1198,525,673,526
01108300005,3,Dysʋ,݂T,,,,177,83,94,71
01108300006,3,Dysʋ,݂U,,,,382,176,206,163
01108300007,3,Dysʋ,݂V,,,,155,67,88,62
011083100,2,Dysʋ,݂k,,,,4380,1949,2431,2143
01108310001,3,Dysʋ,݂kP,,,,271,109,162,115
01108310002,3,Dysʋ,݂kQ,,,,304,131,173,131
01108310003,3,Dysʋ,݂kR,,,,989,439,550,509
01108310004,3,Dysʋ,݂kS,,,,1053,440,613,573
01108310005,3,Dysʋ,݂kT,,,,261,115,146,112
01108310006,3,Dysʋ,݂kU,,,,1502,715,787,703
01108310007,3,Dysʋ,݂kV,,,,-,-,-,-
011083401,2,Dysʋ,ʐ,,,,1606,773,833,628
01108340101,3,Dysʋ,ʐP,,,,587,280,307,210
01108340102,3,Dysʋ,ʐQ,,,,265,130,135,120
01108340103,3,Dysʋ,ʐR,,,,257,123,134,109
01108340104,3,Dysʋ,ʐS,,,,422,200,222,165
01108340105,3,Dysʋ,ʐT,,,,75,40,35,24
011083402,2,Dysʋ,ʐ,,,,2585,1209,1376,1086
01108340201,3,Dysʋ,ʐP,,,,588,268,320,246
01108340202,3,Dysʋ,ʐQ,,,,459,228,231,196
01108340203,3,Dysʋ,ʐR,,,,531,241,290,238
01108340204,3,Dysʋ,ʐS,,,,532,244,288,222
01108340205,3,Dysʋ,ʐT,,,,475,228,247,184
01108340206,3,Dysʋ,ʐU,,,,-,-,-,-
011083403,2,Dysʋ,ʐO,,,,2069,987,1082,877
01108340301,3,Dysʋ,ʐOP,,,,545,254,291,212
01108340302,3,Dysʋ,ʐOQ,,,,428,210,218,177
01108340303,3,Dysʋ,ʐOR,,,,226,102,124,121
01108340304,3,Dysʋ,ʐOS,,,,496,243,253,211
01108340305,3,Dysʋ,ʐOT,,,,374,178,196,156
01108340306,3,Dysʋ,ʐOU,,,,-,-,-,-
011083404,2,Dysʋ,ʐl,,,,2786,1316,1470,1085
01108340401,3,Dysʋ,ʐlP,,,,973,470,503,367
01108340402,3,Dysʋ,ʐlQ,,,,377,175,202,166
01108340403,3,Dysʋ,ʐlR,,,,500,232,268,199
01108340404,3,Dysʋ,ʐlS,,,,516,239,277,197
01108340405,3,Dysʋ,ʐlT,,,,420,200,220,156
01108340406,3,Dysʋ,ʐlU,,,,-,-,-,-
011083405,2,Dysʋ,ʐ܏,,,,2792,1339,1453,890
01108340501,3,Dysʋ,ʐ܏P,,,,786,389,397,261
01108340502,3,Dysʋ,ʐ܏Q,,,,780,381,399,283
01108340503,3,Dysʋ,ʐ܏R,,,,33,17,16,11
01108340504,3,Dysʋ,ʐ܏S,,,,444,213,231,126
01108340505,3,Dysʋ,ʐ܏T,,,,257,102,155,47
01108340506,3,Dysʋ,ʐ܏U,,,,492,237,255,162
011083600,2,Dysʋ,ʒR{,,,,660,210,450,122
011083700,2,Dysʋ,ʒy,,,,879,500,379,320
011083800,2,Dysʋ,ʒy,,,,137,26,111,6
011083900,2,Dysʋ,ʒy,,,,-,-,-,-
011084800,2,Dysʋ,ʓ,,,,10063,4706,5357,4450
01108480001,3,Dysʋ,ʓP,,,,2496,1109,1387,1223
01108480002,3,Dysʋ,ʓQ,,,,3234,1535,1699,1508
01108480003,3,Dysʋ,ʓR,,,,817,378,439,345
01108480004,3,Dysʋ,ʓS,,,,1306,636,670,514
01108480005,3,Dysʋ,ʓT,,,,845,400,445,321
01108480006,3,Dysʋ,ʓU,,,,593,300,293,246
01108480007,3,Dysʋ,ʓV,,,,772,348,424,293
011084901,2,Dysʋ,ʒ,,,,6000,2644,3356,3033
01108490101,3,Dysʋ,ʒP,,,,422,199,223,189
01108490102,3,Dysʋ,ʒQ,,,,1129,523,606,631
01108490103,3,Dysʋ,ʒR,,,,673,287,386,398
01108490104,3,Dysʋ,ʒS,,,,1272,528,744,610
01108490105,3,Dysʋ,ʒT,,,,598,255,343,324
01108490106,3,Dysʋ,ʒU,,,,390,146,244,245
01108490107,3,Dysʋ,ʒV,,,,1516,706,810,636
011084902,2,Dysʋ,ʒ,,,,4722,2101,2621,2523
01108490201,3,Dysʋ,ʒP,,,,583,282,301,364
01108490202,3,Dysʋ,ʒQ,,,,383,193,190,237
01108490203,3,Dysʋ,ʒR,,,,914,405,509,441
01108490204,3,Dysʋ,ʒS,,,,1655,722,933,822
01108490205,3,Dysʋ,ʒT,,,,674,278,396,389
01108490206,3,Dysʋ,ʒU,,,,513,221,292,270
011084903,2,Dysʋ,ʒO,,,,5513,2606,2907,2725
01108490301,3,Dysʋ,ʒOP,,,,289,151,138,167
01108490302,3,Dysʋ,ʒOQ,,,,1134,531,603,538
01108490303,3,Dysʋ,ʒOR,,,,1712,824,888,858
01108490304,3,Dysʋ,ʒOS,,,,1789,821,968,853
01108490305,3,Dysʋ,ʒOT,,,,343,159,184,172
01108490306,3,Dysʋ,ʒOU,,,,246,120,126,137
011084904,2,Dysʋ,ʒl,,,,4794,2311,2483,2298
01108490402,3,Dysʋ,ʒlQ,,,,1832,910,922,837
01108490403,3,Dysʋ,ʒlR,,,,614,277,337,288
01108490404,3,Dysʋ,ʒlS,,,,1217,572,645,604
01108490405,3,Dysʋ,ʒlT,,,,632,315,317,361
01108490406,3,Dysʋ,ʒlU,,,,499,237,262,208
011084905,2,Dysʋ,ʒ܏,,,,3427,1594,1833,1630
01108490501,3,Dysʋ,ʒ܏P,,,,140,69,71,71
01108490502,3,Dysʋ,ʒ܏Q,,,,471,217,254,232
01108490503,3,Dysʋ,ʒ܏R,,,,238,105,133,131
01108490504,3,Dysʋ,ʒ܏S,,,,1419,696,723,705
01108490505,3,Dysʋ,ʒ܏T,,,,483,218,265,207
01108490506,3,Dysʋ,ʒ܏U,,,,676,289,387,284
011085001,2,Dysʋ,ʓ,,,,2803,1267,1536,1097
01108500101,3,Dysʋ,ʓP,,,,203,84,119,82
01108500102,3,Dysʋ,ʓQ,,,,266,113,153,93
01108500103,3,Dysʋ,ʓR,,,,606,290,316,224
01108500104,3,Dysʋ,ʓS,,,,567,260,307,254
01108500105,3,Dysʋ,ʓT,,,,792,356,436,310
01108500106,3,Dysʋ,ʓU,,,,369,164,205,134
011085002,2,Dysʋ,ʓ,,,,4772,2213,2559,1695
01108500201,3,Dysʋ,ʓP,,,,271,132,139,147
01108500202,3,Dysʋ,ʓQ,,,,254,117,137,95
01108500203,3,Dysʋ,ʓR,,,,943,433,510,373
01108500204,3,Dysʋ,ʓS,,,,711,327,384,261
01108500205,3,Dysʋ,ʓT,,,,1248,602,646,475
01108500206,3,Dysʋ,ʓU,,,,703,291,412,158
01108500207,3,Dysʋ,ʓV,,,,642,311,331,186
011085003,2,Dysʋ,ʓO,,,,2168,1000,1168,824
01108500301,3,Dysʋ,ʓOP,,,,-,-,-,-
01108500302,3,Dysʋ,ʓOQ,,,,184,93,91,64
01108500303,3,Dysʋ,ʓOR,,,,802,364,438,349
01108500304,3,Dysʋ,ʓOS,,,,261,117,144,114
01108500305,3,Dysʋ,ʓOT,,,,-,-,-,-
01108500306,3,Dysʋ,ʓOU,,,,320,142,178,89
01108500307,3,Dysʋ,ʓOV,,,,601,284,317,208
011085004,2,Dysʋ,ʓl,,,,4183,1930,2253,1582
01108500401,3,Dysʋ,ʓlP,,,,318,138,180,131
01108500402,3,Dysʋ,ʓlQ,,,,764,359,405,302
01108500403,3,Dysʋ,ʓlR,,,,181,75,106,6
01108500404,3,Dysʋ,ʓlS,,,,674,311,363,219
01108500405,3,Dysʋ,ʓlT,,,,420,192,228,176
01108500406,3,Dysʋ,ʓlU,,,,86,40,46,34
01108500407,3,Dysʋ,ʓlV,,,,989,452,537,393
01108500408,3,Dysʋ,ʓlW,,,,613,302,311,252
01108500409,3,Dysʋ,ʓlX,,,,138,61,77,69
011085005,2,Dysʋ,ʓ܏,,,,2744,1309,1435,1012
01108500501,3,Dysʋ,ʓ܏P,,,,142,70,72,57
01108500502,3,Dysʋ,ʓ܏Q,,,,311,150,161,130
01108500503,3,Dysʋ,ʓ܏R,,,,764,372,392,278
01108500504,3,Dysʋ,ʓ܏S,,,,279,132,147,113
01108500507,3,Dysʋ,ʓ܏V,,,,661,307,354,210
01108500508,3,Dysʋ,ʓ܏W,,,,587,278,309,224
011085101,2,Dysʋ,ʖk,,,,2232,1031,1201,830
01108510101,3,Dysʋ,ʖkP,,,,753,353,400,258
01108510102,3,Dysʋ,ʖkQ,,,,573,270,303,225
01108510103,3,Dysʋ,ʖkR,,,,617,278,339,225
01108510104,3,Dysʋ,ʖkS,,,,289,130,159,122
011085102,2,Dysʋ,ʖk,,,,2078,980,1098,845
01108510201,3,Dysʋ,ʖkP,,,,129,68,61,41
01108510202,3,Dysʋ,ʖkQ,,,,525,255,270,183
01108510203,3,Dysʋ,ʖkR,,,,271,127,144,104
01108510204,3,Dysʋ,ʖkS,,,,639,294,345,287
01108510205,3,Dysʋ,ʖkT,,,,514,236,278,230
011085103,2,Dysʋ,ʖkO,,,,2601,1203,1398,947
01108510302,3,Dysʋ,ʖkOQ,,,,508,240,268,180
01108510303,3,Dysʋ,ʖkOR,,,,423,201,222,156
01108510304,3,Dysʋ,ʖkOS,,,,420,184,236,157
01108510305,3,Dysʋ,ʖkOT,,,,1250,578,672,454
011085104,2,Dysʋ,ʖkl,,,,2076,962,1114,725
01108510402,3,Dysʋ,ʖklQ,,,,478,228,250,171
01108510403,3,Dysʋ,ʖklR,,,,490,212,278,186
01108510404,3,Dysʋ,ʖklS,,,,408,186,222,146
01108510405,3,Dysʋ,ʖklT,,,,700,336,364,222
011085105,2,Dysʋ,ʖk܏,,,,957,460,497,276
01108510504,3,Dysʋ,ʖk܏S,,,,645,302,343,183
01108510505,3,Dysʋ,ʖk܏T,,,,312,158,154,93
011085106,2,Dysʋ,ʖkZ,,,,299,149,150,87
01108510604,3,Dysʋ,ʖkZS,,,,141,64,77,43
01108510605,3,Dysʋ,ʖkZT,,,,158,85,73,44
011085301,2,Dysʋ,y,,,,2674,1250,1424,1015
01108530101,3,Dysʋ,yP,,,,500,234,266,192
01108530102,3,Dysʋ,yQ,,,,870,407,463,343
01108530103,3,Dysʋ,yR,,,,605,268,337,231
01108530104,3,Dysʋ,yS,,,,451,215,236,168
01108530105,3,Dysʋ,yT,,,,-,-,-,-
01108530106,3,Dysʋ,yU,,,,248,126,122,81
011085302,2,Dysʋ,y,,,,3727,1749,1978,1356
01108530201,3,Dysʋ,yP,,,,1086,506,580,404
01108530202,3,Dysʋ,yQ,,,,611,299,312,205
01108530203,3,Dysʋ,yR,,,,325,149,176,129
01108530204,3,Dysʋ,yS,,,,281,129,152,103
01108530205,3,Dysʋ,yT,,,,893,418,475,328
01108530206,3,Dysʋ,yU,,,,531,248,283,187
011085303,2,Dysʋ,yO,,,,5162,2336,2826,1836
01108530301,3,Dysʋ,yOP,,,,618,266,352,253
01108530302,3,Dysʋ,yOQ,,,,1007,465,542,335
01108530303,3,Dysʋ,yOR,,,,745,346,399,273
01108530304,3,Dysʋ,yOS,,,,728,321,407,245
01108530305,3,Dysʋ,yOT,,,,1510,681,829,546
01108530306,3,Dysʋ,yOU,,,,554,257,297,184
011085400,2,Dysʋ,Jn,,,,9720,4324,5396,4043
01108540001,3,Dysʋ,JnP,,,,9,4,5,4
01108540002,3,Dysʋ,JnQ,,,,770,338,432,376
01108540003,3,Dysʋ,JnR,,,,2002,869,1133,929
01108540004,3,Dysʋ,JnS,,,,1233,546,687,566
01108540005,3,Dysʋ,JnT,,,,3325,1455,1870,1232
01108540006,3,Dysʋ,JnU,,,,412,196,216,153
01108540007,3,Dysʋ,JnV,,,,1969,916,1053,783
011085500,2,Dysʋ,Jn,,,,4195,2034,2161,1777
01108550001,3,Dysʋ,JnP,,,,1410,714,696,642
01108550002,3,Dysʋ,JnQ,,,,25,9,16,2
01108550003,3,Dysʋ,JnR,,,,593,272,321,231
01108550004,3,Dysʋ,JnS,,,,749,358,391,299
01108550005,3,Dysʋ,JnT,,,,987,476,511,389
01108550006,3,Dysʋ,JnU,,,,431,205,226,214
011085700,2,Dysʋ,ʐ,,,,2,1,1,1
011085800,2,Dysʋ,yeNmp[N,,,,18,7,11,7
01108580001,3,Dysʋ,yeNmp[NP,,,,-,-,-,-
01108580002,3,Dysʋ,yeNmp[NQ,,,,18,7,11,7
