KEY_CODE,HYOSYO,CITYNAME,NAME,HTKSYORI,HTKSAKI,GASSAN,T000572001,T000572002,T000572003,T000572004
,,,,,,,l,j,,ё
01107,1,Dys,,,,,211229,98090,113139,96421
011070101,2,Dys,R̎,,,,4373,2034,2339,1948
01107010101,3,Dys,R̎P,,,,294,126,168,166
01107010102,3,Dys,R̎Q,,,,392,196,196,206
01107010103,3,Dys,R̎R,,,,433,201,232,191
01107010104,3,Dys,R̎S,,,,372,167,205,175
01107010105,3,Dys,R̎T,,,,475,221,254,202
01107010106,3,Dys,R̎U,,,,407,191,216,183
01107010107,3,Dys,R̎V,,,,134,65,69,59
01107010108,3,Dys,R̎W,,,,339,145,194,128
01107010109,3,Dys,R̎X,,,,331,158,173,167
01107010110,3,Dys,R̎PO,,,,200,94,106,75
01107010111,3,Dys,R̎PP,,,,390,194,196,146
01107010112,3,Dys,R̎PQ,,,,325,147,178,143
01107010113,3,Dys,R̎PR,,,,281,129,152,107
011070102,2,Dys,R̎,,,,4323,2021,2302,1980
01107010201,3,Dys,R̎P,,,,316,150,166,188
01107010202,3,Dys,R̎Q,,,,351,159,192,175
01107010203,3,Dys,R̎R,,,,284,134,150,122
01107010204,3,Dys,R̎S,,,,475,224,251,226
01107010205,3,Dys,R̎T,,,,385,184,201,179
01107010206,3,Dys,R̎U,,,,392,190,202,176
01107010207,3,Dys,R̎V,,,,503,213,290,255
01107010208,3,Dys,R̎W,,,,311,154,157,109
01107010209,3,Dys,R̎X,,,,510,236,274,217
01107010210,3,Dys,R̎PO,,,,207,90,117,96
01107010211,3,Dys,R̎PP,,,,238,117,121,93
01107010212,3,Dys,R̎PQ,,,,351,170,181,144
011070103,2,Dys,R̎O,,,,3717,1754,1963,1745
01107010301,3,Dys,R̎OP,,,,876,402,474,440
01107010302,3,Dys,R̎OQ,,,,390,180,210,202
01107010303,3,Dys,R̎OR,,,,181,82,99,102
01107010304,3,Dys,R̎OS,,,,559,269,290,310
01107010305,3,Dys,R̎OT,,,,419,188,231,177
01107010306,3,Dys,R̎OU,,,,203,97,106,123
01107010307,3,Dys,R̎OV,,,,254,124,130,127
01107010308,3,Dys,R̎OW,,,,136,74,62,66
01107010309,3,Dys,R̎OX,,,,145,64,81,63
01107010310,3,Dys,R̎OPO,,,,87,39,48,32
01107010311,3,Dys,R̎OPP,,,,176,73,103,76
01107010312,3,Dys,R̎OPQ,,,,291,162,129,27
011070104,2,Dys,R̎l,,,,2364,1077,1287,1155
01107010401,3,Dys,R̎lP,,,,226,123,103,167
01107010402,3,Dys,R̎lQ,,,,326,145,181,156
01107010403,3,Dys,R̎lR,,,,118,54,64,55
01107010404,3,Dys,R̎lS,,,,202,101,101,122
01107010405,3,Dys,R̎lT,,,,180,71,109,69
01107010406,3,Dys,R̎lU,,,,188,80,108,97
01107010407,3,Dys,R̎lV,,,,149,58,91,74
01107010408,3,Dys,R̎lW,,,,307,141,166,136
01107010409,3,Dys,R̎lX,,,,200,90,110,66
01107010410,3,Dys,R̎lPO,,,,262,110,152,117
01107010411,3,Dys,R̎lPP,,,,206,104,102,96
011070105,2,Dys,R̎܏,,,,2096,1007,1089,913
01107010501,3,Dys,R̎܏P,,,,257,114,143,159
01107010502,3,Dys,R̎܏Q,,,,434,206,228,223
01107010503,3,Dys,R̎܏R,,,,416,194,222,173
01107010504,3,Dys,R̎܏S,,,,209,96,113,87
01107010505,3,Dys,R̎܏T,,,,286,151,135,65
01107010506,3,Dys,R̎܏U,,,,-,-,-,-
01107010507,3,Dys,R̎܏V,,,,25,13,12,10
01107010508,3,Dys,R̎܏W,,,,64,36,28,1
01107010509,3,Dys,R̎܏X,,,,268,133,135,138
01107010510,3,Dys,R̎܏PO,,,,137,64,73,57
011070106,2,Dys,R̎Z,,,,1784,813,971,674
01107010601,3,Dys,R̎ZP,,,,119,61,58,55
01107010602,3,Dys,R̎ZQ,,,,428,193,235,131
01107010603,3,Dys,R̎ZR,,,,348,171,177,144
01107010604,3,Dys,R̎ZS,,,,194,89,105,85
01107010605,3,Dys,R̎ZT,,,,93,39,54,46
01107010606,3,Dys,R̎ZU,,,,351,150,201,158
01107010607,3,Dys,R̎ZV,,,,128,62,66,54
01107010608,3,Dys,R̎ZW,,,,-,-,-,-
01107010609,3,Dys,R̎ZX,,,,123,48,75,1
011070107,2,Dys,R̎莵,,,,856,399,457,401
01107010705,3,Dys,R̎莵T,,,,90,42,48,45
01107010706,3,Dys,R̎莵U,,,,294,135,159,132
01107010707,3,Dys,R̎莵V,,,,246,115,131,128
01107010708,3,Dys,R̎莵W,,,,226,107,119,96
011070200,2,Dys,R̎,,,,293,162,131,37
011070301,2,Dys,\l,,,,3064,1368,1696,1840
01107030101,3,Dys,\lP,,,,14,4,10,4
01107030102,3,Dys,\lQ,,,,476,216,260,296
01107030103,3,Dys,\lR,,,,66,30,36,30
01107030104,3,Dys,\lS,,,,617,255,362,419
01107030105,3,Dys,\lT,,,,921,397,524,511
01107030106,3,Dys,\lU,,,,759,374,385,480
01107030107,3,Dys,\lV,,,,211,92,119,100
011070302,2,Dys,\l,,,,2556,1198,1358,1407
01107030201,3,Dys,\lP,,,,246,114,132,132
01107030202,3,Dys,\lQ,,,,511,233,278,262
01107030203,3,Dys,\lR,,,,196,89,107,89
01107030204,3,Dys,\lS,,,,965,466,499,576
01107030205,3,Dys,\lT,,,,288,119,169,146
01107030206,3,Dys,\lU,,,,296,143,153,165
01107030207,3,Dys,\lV,,,,54,34,20,37
011070303,2,Dys,\lO,,,,4055,1844,2211,2300
01107030301,3,Dys,\lOP,,,,20,8,12,8
01107030302,3,Dys,\lOQ,,,,646,262,384,364
01107030303,3,Dys,\lOR,,,,377,173,204,172
01107030304,3,Dys,\lOS,,,,424,203,221,233
01107030305,3,Dys,\lOT,,,,1076,483,593,663
01107030306,3,Dys,\lOU,,,,574,290,284,344
01107030307,3,Dys,\lOV,,,,938,425,513,516
011070304,2,Dys,\ll,,,,5181,2366,2815,3227
01107030401,3,Dys,\llP,,,,343,105,238,95
01107030402,3,Dys,\llQ,,,,535,239,296,341
01107030403,3,Dys,\llR,,,,783,355,428,391
01107030404,3,Dys,\llS,,,,1277,570,707,840
01107030405,3,Dys,\llT,,,,1114,555,559,820
01107030406,3,Dys,\llU,,,,415,208,207,263
01107030407,3,Dys,\llV,,,,714,334,380,477
011070401,2,Dys,Վ,,,,6277,2670,3607,3600
01107040101,3,Dys,ՎP,,,,1326,521,805,758
01107040102,3,Dys,ՎQ,,,,998,425,573,502
01107040103,3,Dys,ՎR,,,,1473,608,865,652
01107040104,3,Dys,ՎS,,,,391,181,210,300
01107040105,3,Dys,ՎT,,,,526,271,255,336
01107040106,3,Dys,ՎU,,,,1022,445,577,638
01107040107,3,Dys,ՎV,,,,541,219,322,414
011070402,2,Dys,Վ,,,,4269,1796,2473,2518
01107040201,3,Dys,ՎP,,,,413,187,226,198
01107040202,3,Dys,ՎQ,,,,1180,519,661,606
01107040203,3,Dys,ՎR,,,,657,270,387,336
01107040204,3,Dys,ՎS,,,,299,109,190,211
01107040205,3,Dys,ՎT,,,,459,196,263,313
01107040206,3,Dys,ՎU,,,,721,300,421,491
01107040207,3,Dys,ՎV,,,,540,215,325,363
011070403,2,Dys,ՎO,,,,2969,1307,1662,1734
01107040301,3,Dys,ՎOP,,,,762,319,443,334
01107040302,3,Dys,ՎOQ,,,,557,249,308,283
01107040303,3,Dys,ՎOR,,,,536,234,302,413
01107040304,3,Dys,ՎOS,,,,481,215,266,345
01107040305,3,Dys,ՎOT,,,,369,155,214,207
01107040306,3,Dys,ՎOU,,,,23,10,13,11
01107040307,3,Dys,ՎOV,,,,241,125,116,141
011070404,2,Dys,Վl,,,,3103,1404,1699,1639
01107040401,3,Dys,ՎlP,,,,563,245,318,219
01107040402,3,Dys,ՎlQ,,,,431,209,222,310
01107040403,3,Dys,ՎlR,,,,466,217,249,288
01107040404,3,Dys,ՎlS,,,,129,55,74,55
01107040405,3,Dys,ՎlT,,,,687,302,385,317
01107040406,3,Dys,ՎlU,,,,534,233,301,297
01107040407,3,Dys,ՎlV,,,,293,143,150,153
011070501,2,Dys,,,,,1981,878,1103,953
01107050101,3,Dys,𓌂P,,,,546,245,301,318
01107050102,3,Dys,𓌂Q,,,,956,417,539,415
01107050103,3,Dys,𓌂R,,,,75,34,41,38
01107050104,3,Dys,𓌂S,,,,344,154,190,157
01107050105,3,Dys,𓌂T,,,,60,28,32,25
011070502,2,Dys,,,,,1463,691,772,728
01107050201,3,Dys,𓌂P,,,,460,198,262,249
01107050202,3,Dys,𓌂Q,,,,205,100,105,94
01107050203,3,Dys,𓌂R,,,,228,113,115,124
01107050204,3,Dys,𓌂S,,,,180,87,93,85
01107050205,3,Dys,𓌂T,,,,390,193,197,176
011070503,2,Dys,O,,,,1900,901,999,952
01107050301,3,Dys,O𓌂P,,,,445,198,247,237
01107050302,3,Dys,O𓌂Q,,,,517,247,270,268
01107050303,3,Dys,O𓌂R,,,,438,208,230,199
01107050304,3,Dys,O𓌂S,,,,449,218,231,214
01107050305,3,Dys,O𓌂T,,,,51,30,21,34
011070504,2,Dys,l,,,,1262,609,653,592
01107050401,3,Dys,l𓌂P,,,,245,108,137,109
01107050402,3,Dys,l𓌂Q,,,,228,105,123,105
01107050403,3,Dys,l𓌂R,,,,308,167,141,168
01107050404,3,Dys,l𓌂S,,,,388,190,198,171
01107050405,3,Dys,l𓌂T,,,,93,39,54,39
011070505,2,Dys,܏,,,,1950,943,1007,868
01107050501,3,Dys,܏𓌂P,,,,242,109,133,105
01107050502,3,Dys,܏𓌂Q,,,,456,221,235,201
01107050503,3,Dys,܏𓌂R,,,,656,317,339,295
01107050504,3,Dys,܏𓌂S,,,,476,227,249,197
01107050505,3,Dys,܏𓌂T,,,,120,69,51,70
011070506,2,Dys,Z,,,,1537,718,819,692
01107050601,3,Dys,Z𓌂P,,,,189,84,105,96
01107050602,3,Dys,Z𓌂Q,,,,226,105,121,95
01107050603,3,Dys,Z𓌂R,,,,428,203,225,192
01107050604,3,Dys,Z𓌂S,,,,382,181,201,171
01107050605,3,Dys,Z𓌂T,,,,312,145,167,138
011070507,2,Dys,,,,,1485,695,790,678
01107050701,3,Dys,𓌂P,,,,171,82,89,77
01107050702,3,Dys,𓌂Q,,,,207,85,122,82
01107050703,3,Dys,𓌂R,,,,321,153,168,141
01107050704,3,Dys,𓌂S,,,,217,106,111,107
01107050705,3,Dys,𓌂T,,,,569,269,300,271
011070508,2,Dys,,,,,1133,525,608,521
01107050801,3,Dys,𓌂P,,,,141,60,81,73
01107050802,3,Dys,𓌂Q,,,,383,189,194,169
01107050803,3,Dys,𓌂R,,,,247,110,137,110
01107050804,3,Dys,𓌂S,,,,121,53,68,58
01107050805,3,Dys,𓌂T,,,,241,113,128,111
011070509,2,Dys,,,,,926,468,458,440
01107050901,3,Dys,𓌂P,,,,235,125,110,107
01107050902,3,Dys,𓌂Q,,,,277,135,142,113
01107050903,3,Dys,𓌂R,,,,184,88,96,98
01107050904,3,Dys,𓌂S,,,,192,101,91,104
01107050905,3,Dys,𓌂T,,,,38,19,19,18
011070510,2,Dys,\,,,,1590,839,751,798
01107051001,3,Dys,\𓌂P,,,,468,263,205,276
01107051002,3,Dys,\𓌂Q,,,,455,241,214,195
01107051003,3,Dys,\𓌂R,,,,370,177,193,150
01107051004,3,Dys,\𓌂S,,,,297,158,139,177
01107051005,3,Dys,\𓌂T,,,,-,-,-,-
011070601,2,Dys,,,,,1899,877,1022,882
01107060101,3,Dys,𐼂P,,,,1043,452,591,513
01107060102,3,Dys,𐼂Q,,,,452,208,244,181
01107060103,3,Dys,𐼂R,,,,67,31,36,42
01107060104,3,Dys,𐼂S,,,,337,186,151,146
011070602,2,Dys,,,,,1552,788,764,668
01107060201,3,Dys,𐼂P,,,,226,111,115,28
01107060202,3,Dys,𐼂Q,,,,475,214,261,283
01107060203,3,Dys,𐼂R,,,,420,234,186,189
01107060204,3,Dys,𐼂S,,,,431,229,202,168
011070603,2,Dys,O,,,,2373,1194,1179,1044
01107060301,3,Dys,O𐼂P,,,,547,232,315,279
01107060302,3,Dys,O𐼂Q,,,,436,207,229,191
01107060303,3,Dys,O𐼂R,,,,557,313,244,259
01107060304,3,Dys,O𐼂S,,,,511,279,232,206
01107060305,3,Dys,O𐼂T,,,,322,163,159,109
011070604,2,Dys,l,,,,1292,594,698,503
01107060401,3,Dys,l𐼂P,,,,1,-,1,1
01107060402,3,Dys,l𐼂Q,,,,181,77,104,75
01107060403,3,Dys,l𐼂R,,,,147,63,84,56
01107060404,3,Dys,l𐼂S,,,,698,320,378,286
01107060405,3,Dys,l𐼂T,,,,265,134,131,85
01107060406,3,Dys,l𐼂U,,,,-,-,-,-
011070605,2,Dys,܏,,,,3207,1493,1714,1340
01107060501,3,Dys,܏𐼂P,,,,522,232,290,208
01107060502,3,Dys,܏𐼂Q,,,,232,108,124,106
01107060503,3,Dys,܏𐼂R,,,,193,78,115,85
01107060504,3,Dys,܏𐼂S,,,,680,311,369,321
01107060505,3,Dys,܏𐼂T,,,,279,149,130,86
01107060506,3,Dys,܏𐼂U,,,,-,-,-,-
01107060508,3,Dys,܏𐼂W,,,,-,-,-,-
01107060509,3,Dys,܏𐼂X,,,,182,87,95,78
01107060510,3,Dys,܏𐼂PO,,,,884,419,465,350
01107060511,3,Dys,܏𐼂PP,,,,235,109,126,106
011070606,2,Dys,Z,,,,1505,705,800,699
01107060601,3,Dys,Z𐼂P,,,,224,100,124,101
01107060602,3,Dys,Z𐼂Q,,,,256,113,143,108
01107060603,3,Dys,Z𐼂R,,,,141,62,79,66
01107060604,3,Dys,Z𐼂S,,,,200,85,115,103
01107060605,3,Dys,Z𐼂T,,,,126,58,68,53
01107060606,3,Dys,Z𐼂U,,,,219,125,94,137
01107060607,3,Dys,Z𐼂V,,,,67,30,37,23
01107060608,3,Dys,Z𐼂W,,,,123,59,64,45
01107060609,3,Dys,Z𐼂X,,,,139,68,71,58
01107060610,3,Dys,Z𐼂PO,,,,7,2,5,3
01107060611,3,Dys,Z𐼂PP,,,,3,3,-,2
011070607,2,Dys,,,,,2605,1233,1372,996
01107060701,3,Dys,𐼂P,,,,487,233,254,214
01107060702,3,Dys,𐼂Q,,,,301,138,163,113
01107060703,3,Dys,𐼂R,,,,162,82,80,68
01107060704,3,Dys,𐼂S,,,,348,165,183,113
01107060705,3,Dys,𐼂T,,,,149,68,81,63
01107060706,3,Dys,𐼂U,,,,315,143,172,103
01107060707,3,Dys,𐼂V,,,,155,77,78,67
01107060708,3,Dys,𐼂W,,,,86,39,47,34
01107060709,3,Dys,𐼂X,,,,163,80,83,61
01107060710,3,Dys,𐼂PO,,,,408,192,216,140
01107060711,3,Dys,𐼂PP,,,,31,16,15,20
011070608,2,Dys,,,,,1413,664,749,600
01107060801,3,Dys,𐼂P,,,,140,59,81,67
01107060802,3,Dys,𐼂Q,,,,187,95,92,94
01107060803,3,Dys,𐼂R,,,,167,86,81,72
01107060804,3,Dys,𐼂S,,,,187,91,96,69
01107060805,3,Dys,𐼂T,,,,83,37,46,29
01107060806,3,Dys,𐼂U,,,,-,-,-,-
01107060807,3,Dys,𐼂V,,,,148,64,84,57
01107060808,3,Dys,𐼂W,,,,-,-,-,-
01107060809,3,Dys,𐼂X,,,,178,76,102,83
01107060810,3,Dys,𐼂PO,,,,323,156,167,129
011070609,2,Dys,,,,,1982,897,1085,816
01107060901,3,Dys,𐼂P,,,,285,132,153,127
01107060902,3,Dys,𐼂Q,,,,466,206,260,216
01107060903,3,Dys,𐼂R,,,,149,71,78,59
01107060904,3,Dys,𐼂S,,,,345,151,194,116
01107060905,3,Dys,𐼂T,,,,133,66,67,53
01107060906,3,Dys,𐼂U,,,,349,163,186,121
01107060907,3,Dys,𐼂V,,,,-,-,-,-
01107060909,3,Dys,𐼂X,,,,17,8,9,6
01107060910,3,Dys,𐼂PO,,,,236,99,137,117
01107060911,3,Dys,𐼂PP,,,,2,1,1,1
011070610,2,Dys,\,,,,1497,719,778,612
01107061001,3,Dys,\𐼂P,,,,180,86,94,84
01107061002,3,Dys,\𐼂Q,,,,275,137,138,123
01107061003,3,Dys,\𐼂R,,,,149,71,78,63
01107061004,3,Dys,\𐼂S,,,,372,177,195,132
01107061005,3,Dys,\𐼂T,,,,47,19,28,22
01107061006,3,Dys,\𐼂U,,,,165,80,85,59
01107061009,3,Dys,\𐼂X,,,,8,5,3,4
01107061010,3,Dys,\𐼂PO,,,,40,16,24,15
01107061011,3,Dys,\𐼂PP,,,,72,34,38,31
01107061012,3,Dys,\𐼂PQ,,,,97,50,47,43
01107061013,3,Dys,\𐼂PR,,,,92,44,48,36
011070801,2,Dys,,,,,1599,735,864,824
01107080102,3,Dys,Q,,,,341,150,191,183
01107080103,3,Dys,R,,,,821,385,436,396
01107080104,3,Dys,S,,,,437,200,237,245
011070802,2,Dys,,,,,1100,508,592,560
01107080201,3,Dys,P,,,,103,50,53,46
01107080202,3,Dys,Q,,,,284,126,158,121
01107080203,3,Dys,R,,,,347,176,171,174
01107080204,3,Dys,S,,,,111,51,60,47
01107080205,3,Dys,T,,,,255,105,150,172
011070803,2,Dys,O,,,,3014,1400,1614,1516
01107080301,3,Dys,OP,,,,510,247,263,261
01107080302,3,Dys,OQ,,,,454,205,249,205
01107080303,3,Dys,OR,,,,819,389,430,401
01107080304,3,Dys,OS,,,,497,232,265,244
01107080305,3,Dys,OT,,,,379,167,212,204
01107080306,3,Dys,OU,,,,355,160,195,201
011070804,2,Dys,l,,,,3193,1480,1713,1545
01107080401,3,Dys,lP,,,,379,181,198,157
01107080402,3,Dys,lQ,,,,247,120,127,91
01107080403,3,Dys,lR,,,,456,211,245,220
01107080404,3,Dys,lS,,,,537,254,283,291
01107080405,3,Dys,lT,,,,621,267,354,336
01107080406,3,Dys,lU,,,,542,247,295,231
01107080407,3,Dys,lV,,,,411,200,211,219
011070805,2,Dys,܏,,,,3491,1658,1833,1523
01107080502,3,Dys,܏Q,,,,297,145,152,154
01107080503,3,Dys,܏R,,,,545,272,273,232
01107080504,3,Dys,܏S,,,,697,328,369,310
01107080505,3,Dys,܏T,,,,635,294,341,307
01107080506,3,Dys,܏U,,,,326,142,184,107
01107080507,3,Dys,܏V,,,,211,102,109,95
01107080508,3,Dys,܏W,,,,780,375,405,318
011070806,2,Dys,Z,,,,7984,3732,4252,3633
01107080603,3,Dys,ZR,,,,45,22,23,18
01107080604,3,Dys,ZS,,,,452,201,251,206
01107080605,3,Dys,ZT,,,,585,283,302,248
01107080607,3,Dys,ZV,,,,530,258,272,212
01107080608,3,Dys,ZW,,,,408,184,224,170
01107080609,3,Dys,ZX,,,,1092,508,584,563
01107080610,3,Dys,ZPO,,,,445,187,258,247
01107080611,3,Dys,ZPP,,,,971,452,519,453
01107080612,3,Dys,ZPQ,,,,675,316,359,328
01107080613,3,Dys,ZPR,,,,1535,727,808,633
01107080614,3,Dys,ZPS,,,,1246,594,652,555
011070807,2,Dys,,,,,4052,1920,2132,1745
01107080704,3,Dys,S,,,,121,63,58,47
01107080705,3,Dys,T,,,,610,282,328,293
01107080707,3,Dys,V,,,,659,316,343,259
01107080708,3,Dys,W,,,,95,48,47,44
01107080709,3,Dys,X,,,,457,224,233,197
01107080710,3,Dys,PO,,,,22,9,13,10
01107080711,3,Dys,PP,,,,924,440,484,445
01107080712,3,Dys,PQ,,,,274,132,142,112
01107080713,3,Dys,PR,,,,166,80,86,69
01107080714,3,Dys,PS,,,,724,326,398,269
011070808,2,Dys,,,,,2966,1344,1622,1221
01107080805,3,Dys,T,,,,746,325,421,333
01107080807,3,Dys,V,,,,347,163,184,142
01107080809,3,Dys,X,,,,106,53,53,45
01107080810,3,Dys,PO,,,,290,143,147,127
01107080811,3,Dys,PP,,,,845,380,465,328
01107080812,3,Dys,PQ,,,,-,-,-,-
01107080813,3,Dys,PR,,,,212,81,131,74
01107080814,3,Dys,PS,,,,420,199,221,172
011070809,2,Dys,,,,,3343,1561,1782,1469
01107080909,3,Dys,X,,,,12,4,8,7
01107080910,3,Dys,PO,,,,422,202,220,214
01107080911,3,Dys,PP,,,,1236,590,646,539
01107080912,3,Dys,PQ,,,,734,324,410,272
01107080913,3,Dys,PR,,,,844,393,451,399
01107080914,3,Dys,PS,,,,95,48,47,38
011070810,2,Dys,\,,,,4271,2047,2224,1874
01107081001,3,Dys,\P,,,,875,436,439,423
01107081002,3,Dys,\Q,,,,1365,641,724,561
01107081003,3,Dys,\R,,,,-,-,-,-
01107081004,3,Dys,\S,,,,542,244,298,247
01107081005,3,Dys,\T,,,,360,180,180,149
01107081006,3,Dys,\U,,,,201,97,104,93
01107081011,3,Dys,\PP,,,,922,445,477,400
01107081012,3,Dys,\PQ,,,,-,-,-,-
01107081013,3,Dys,\PR,,,,-,-,-,-
01107081014,3,Dys,\PS,,,,6,4,2,1
011070811,2,Dys,\,,,,4432,2073,2359,1959
01107081101,3,Dys,\P,,,,1334,615,719,492
01107081102,3,Dys,\Q,,,,487,238,249,208
01107081103,3,Dys,\R,,,,509,239,270,248
01107081104,3,Dys,\S,,,,775,367,408,381
01107081105,3,Dys,\T,,,,473,211,262,209
01107081106,3,Dys,\U,,,,392,160,232,211
01107081111,3,Dys,\PP,,,,462,243,219,210
01107081112,3,Dys,\PQ,,,,-,-,-,-
01107081114,3,Dys,\PS,,,,-,-,-,-
011070812,2,Dys,\,,,,3243,1533,1710,1462
01107081201,3,Dys,\P,,,,318,157,161,114
01107081202,3,Dys,\Q,,,,446,217,229,189
01107081203,3,Dys,\R,,,,707,340,367,333
01107081204,3,Dys,\S,,,,535,252,283,245
01107081205,3,Dys,\T,,,,803,364,439,400
01107081211,3,Dys,\PP,,,,428,199,229,179
01107081212,3,Dys,\PQ,,,,-,-,-,-
01107081213,3,Dys,\PR,,,,-,-,-,-
01107081214,3,Dys,\PS,,,,6,4,2,2
011070813,2,Dys,\O,,,,1636,787,849,688
01107081302,3,Dys,\OQ,,,,32,16,16,11
01107081303,3,Dys,\OR,,,,522,245,277,218
01107081304,3,Dys,\OS,,,,889,424,465,366
01107081305,3,Dys,\OT,,,,134,68,66,70
01107081311,3,Dys,\OPP,,,,54,31,23,21
01107081312,3,Dys,\OPQ,,,,-,-,-,-
01107081313,3,Dys,\OPR,,,,-,-,-,-
01107081314,3,Dys,\OPS,,,,5,3,2,2
011070814,2,Dys,\l,,,,1776,838,938,754
01107081401,3,Dys,\lP,,,,291,135,156,108
01107081402,3,Dys,\lQ,,,,708,344,364,312
01107081403,3,Dys,\lR,,,,400,172,228,170
01107081404,3,Dys,\lS,,,,38,19,19,16
01107081405,3,Dys,\lT,,,,334,166,168,146
01107081411,3,Dys,\lPP,,,,-,-,-,-
01107081412,3,Dys,\lPQ,,,,-,-,-,-
01107081413,3,Dys,\lPR,,,,-,-,-,-
01107081414,3,Dys,\lPS,,,,5,2,3,2
011070815,2,Dys,\܏,,,,1621,788,833,697
01107081501,3,Dys,\܏P,,,,888,427,461,382
01107081502,3,Dys,\܏Q,,,,105,49,56,41
01107081503,3,Dys,\܏R,,,,103,54,49,52
01107081504,3,Dys,\܏S,,,,521,256,265,221
01107081512,3,Dys,\܏PQ,,,,-,-,-,-
01107081513,3,Dys,\܏PR,,,,-,-,-,-
01107081514,3,Dys,\܏PS,,,,4,2,2,1
011070816,2,Dys,\Z,,,,473,220,253,173
01107081601,3,Dys,\ZP,,,,-,-,-,-
01107081602,3,Dys,\ZQ,,,,275,134,141,94
01107081603,3,Dys,\ZR,,,,14,8,6,6
01107081604,3,Dys,\ZS,,,,184,78,106,73
01107081612,3,Dys,\ZPQ,,,,-,-,-,-
01107081613,3,Dys,\ZPR,,,,-,-,-,-
01107081614,3,Dys,\ZPS,,,,-,-,-,-
011070817,2,Dys,\,,,,398,173,225,137
01107081703,3,Dys,\R,,,,398,173,225,137
01107081704,3,Dys,\S,,,,-,-,-,-
01107081713,3,Dys,\PR,,,,-,-,-,-
01107081714,3,Dys,\PS,,,,-,-,-,-
011071000,2,Dys,ʑ,,,,147,59,88,26
011072801,2,Dys,,,,,4885,2271,2614,2102
01107280101,3,Dys,P,,,,622,286,336,295
01107280102,3,Dys,Q,,,,425,202,223,252
01107280103,3,Dys,R,,,,702,304,398,262
01107280104,3,Dys,S,,,,402,187,215,164
01107280105,3,Dys,T,,,,531,248,283,230
01107280106,3,Dys,U,,,,605,287,318,253
01107280107,3,Dys,V,,,,319,156,163,126
01107280108,3,Dys,W,,,,300,146,154,111
01107280109,3,Dys,X,,,,979,455,524,409
011072802,2,Dys,,,,,3216,1393,1823,1362
01107280201,3,Dys,P,,,,209,97,112,125
01107280202,3,Dys,Q,,,,352,167,185,163
01107280203,3,Dys,R,,,,484,218,266,232
01107280204,3,Dys,S,,,,89,34,55,33
01107280205,3,Dys,T,,,,325,126,199,132
01107280206,3,Dys,U,,,,249,110,139,98
01107280207,3,Dys,V,,,,494,215,279,153
01107280208,3,Dys,W,,,,625,249,376,218
01107280209,3,Dys,X,,,,290,145,145,124
01107280210,3,Dys,PO,,,,99,32,67,84
011072803,2,Dys,O,,,,3898,1812,2086,1698
01107280301,3,Dys,OP,,,,129,67,62,58
01107280302,3,Dys,OQ,,,,331,161,170,144
01107280303,3,Dys,OR,,,,61,29,32,30
01107280304,3,Dys,OS,,,,457,211,246,195
01107280305,3,Dys,OT,,,,554,261,293,261
01107280306,3,Dys,OU,,,,493,223,270,196
01107280307,3,Dys,OV,,,,526,234,292,239
01107280308,3,Dys,OW,,,,681,316,365,279
01107280309,3,Dys,OX,,,,423,192,231,176
01107280310,3,Dys,OPO,,,,243,118,125,120
011072804,2,Dys,l,,,,4270,1996,2274,1714
01107280401,3,Dys,lP,,,,388,173,215,180
01107280402,3,Dys,lQ,,,,303,137,166,123
01107280403,3,Dys,lR,,,,499,233,266,226
01107280404,3,Dys,lS,,,,523,248,275,194
01107280405,3,Dys,lT,,,,441,208,233,174
01107280406,3,Dys,lU,,,,521,238,283,207
01107280407,3,Dys,lV,,,,543,250,293,226
01107280408,3,Dys,lW,,,,381,188,193,143
01107280409,3,Dys,lX,,,,335,154,181,127
01107280410,3,Dys,lPO,,,,336,167,169,114
011072805,2,Dys,܏,,,,3366,1563,1803,1387
01107280501,3,Dys,܏P,,,,341,165,176,141
01107280502,3,Dys,܏Q,,,,385,171,214,164
01107280503,3,Dys,܏R,,,,302,132,170,136
01107280504,3,Dys,܏S,,,,419,198,221,167
01107280505,3,Dys,܏T,,,,375,174,201,152
01107280506,3,Dys,܏U,,,,543,253,290,229
01107280507,3,Dys,܏V,,,,404,200,204,168
01107280508,3,Dys,܏W,,,,412,187,225,163
01107280509,3,Dys,܏X,,,,61,28,33,24
01107280510,3,Dys,܏PO,,,,124,55,69,43
011072806,2,Dys,Z,,,,4232,1959,2273,1760
01107280601,3,Dys,ZP,,,,203,92,111,83
01107280602,3,Dys,ZQ,,,,634,284,350,281
01107280603,3,Dys,ZR,,,,440,205,235,187
01107280604,3,Dys,ZS,,,,345,154,191,155
01107280605,3,Dys,ZT,,,,432,183,249,187
01107280606,3,Dys,ZU,,,,548,260,288,212
01107280607,3,Dys,ZV,,,,355,165,190,146
01107280608,3,Dys,ZW,,,,357,177,180,148
01107280609,3,Dys,ZX,,,,245,121,124,107
01107280610,3,Dys,ZPO,,,,673,318,355,254
011072807,2,Dys,쎵,,,,4421,2038,2383,1736
01107280701,3,Dys,쎵P,,,,310,136,174,129
01107280702,3,Dys,쎵Q,,,,310,154,156,150
01107280703,3,Dys,쎵R,,,,266,117,149,87
01107280704,3,Dys,쎵S,,,,403,174,229,157
01107280705,3,Dys,쎵T,,,,473,224,249,190
01107280706,3,Dys,쎵U,,,,618,282,336,244
01107280707,3,Dys,쎵V,,,,421,197,224,176
01107280708,3,Dys,쎵W,,,,473,218,255,187
01107280709,3,Dys,쎵X,,,,373,173,200,141
01107280710,3,Dys,쎵PO,,,,774,363,411,275
011072808,2,Dys,씪,,,,4058,1879,2179,1574
01107280801,3,Dys,씪P,,,,230,103,127,90
01107280802,3,Dys,씪Q,,,,522,253,269,212
01107280803,3,Dys,씪R,,,,573,256,317,229
01107280804,3,Dys,씪S,,,,629,280,349,232
01107280805,3,Dys,씪T,,,,593,276,317,240
01107280806,3,Dys,씪U,,,,301,128,173,117
01107280807,3,Dys,씪V,,,,88,42,46,39
01107280808,3,Dys,씪W,,,,188,85,103,74
01107280809,3,Dys,씪X,,,,661,314,347,247
01107280810,3,Dys,씪PO,,,,273,142,131,94
011072809,2,Dys,,,,,2587,1202,1385,1002
01107280903,3,Dys,R,,,,239,118,121,96
01107280904,3,Dys,S,,,,417,196,221,158
01107280905,3,Dys,T,,,,507,232,275,206
01107280906,3,Dys,U,,,,362,167,195,149
01107280907,3,Dys,V,,,,356,165,191,133
01107280908,3,Dys,W,,,,557,254,303,201
01107280909,3,Dys,X,,,,149,70,79,59
011072810,2,Dys,\,,,,1957,916,1041,753
01107281006,3,Dys,\U,,,,389,170,219,136
01107281007,3,Dys,\V,,,,374,182,192,165
01107281008,3,Dys,\W,,,,720,343,377,269
01107281009,3,Dys,\X,,,,474,221,253,183
011072811,2,Dys,\,,,,1492,732,760,549
01107281107,3,Dys,\V,,,,89,48,41,39
01107281108,3,Dys,\W,,,,256,117,139,106
01107281109,3,Dys,\X,,,,1147,567,580,404
011072812,2,Dys,\,,,,318,147,171,114
011072813,2,Dys,\O,,,,320,143,177,116
011072814,2,Dys,\l,,,,296,141,155,109
011072900,2,Dys,,,,,6579,3124,3455,2619
01107290001,3,Dys,P,,,,851,402,449,342
01107290002,3,Dys,Q,,,,540,258,282,224
01107290003,3,Dys,R,,,,599,281,318,252
01107290004,3,Dys,S,,,,958,454,504,370
01107290005,3,Dys,T,,,,910,430,480,372
01107290006,3,Dys,U,,,,599,287,312,217
01107290007,3,Dys,V,,,,548,261,287,214
01107290008,3,Dys,W,,,,813,381,432,327
01107290009,3,Dys,X,,,,200,90,110,78
01107290010,3,Dys,PO,,,,561,280,281,223
011073001,2,Dys,a,,,,1734,794,940,722
01107300102,3,Dys,aQ,,,,220,108,112,92
01107300103,3,Dys,aR,,,,210,95,115,96
01107300104,3,Dys,aS,,,,189,80,109,76
01107300105,3,Dys,aT,,,,259,118,141,109
01107300106,3,Dys,aU,,,,328,152,176,135
01107300107,3,Dys,aV,,,,217,92,125,90
01107300108,3,Dys,aW,,,,153,73,80,65
01107300109,3,Dys,aX,,,,100,44,56,41
01107300110,3,Dys,aPO,,,,3,1,2,2
01107300111,3,Dys,aPP,,,,55,31,24,16
011073002,2,Dys,a,,,,4275,1967,2308,1562
01107300201,3,Dys,aP,,,,118,63,55,53
01107300202,3,Dys,aQ,,,,569,259,310,218
01107300203,3,Dys,aR,,,,470,221,249,189
01107300204,3,Dys,aS,,,,379,174,205,164
01107300205,3,Dys,aT,,,,585,270,315,182
01107300206,3,Dys,aU,,,,457,214,243,174
01107300207,3,Dys,aV,,,,387,177,210,154
01107300208,3,Dys,aW,,,,442,214,228,164
01107300209,3,Dys,aX,,,,279,129,150,118
01107300210,3,Dys,aPO,,,,303,149,154,117
01107300211,3,Dys,aPP,,,,286,97,189,29
011073003,2,Dys,aO,,,,1208,555,653,427
01107300304,3,Dys,aOS,,,,38,21,17,11
01107300305,3,Dys,aOT,,,,77,40,37,30
01107300306,3,Dys,aOU,,,,337,152,185,122
01107300307,3,Dys,aOV,,,,345,160,185,125
01107300308,3,Dys,aOW,,,,-,-,-,-
01107300309,3,Dys,aOX,,,,202,85,117,65
01107300310,3,Dys,aOPO,,,,209,97,112,74
011073600,2,Dys,k,,,,6069,2766,3303,3004
01107360001,3,Dys,kP,,,,361,177,184,188
01107360002,3,Dys,kQ,,,,318,147,171,200
01107360003,3,Dys,kR,,,,240,106,134,165
01107360004,3,Dys,kS,,,,158,64,94,83
01107360005,3,Dys,kT,,,,360,167,193,173
01107360006,3,Dys,kU,,,,214,92,122,115
01107360007,3,Dys,kV,,,,346,158,188,174
01107360008,3,Dys,kW,,,,136,57,79,79
01107360009,3,Dys,kX,,,,286,123,163,189
01107360010,3,Dys,kPO,,,,298,136,162,135
01107360011,3,Dys,kPP,,,,175,75,100,73
01107360012,3,Dys,kPQ,,,,255,126,129,124
01107360013,3,Dys,kPR,,,,325,150,175,143
01107360014,3,Dys,kPS,,,,395,188,207,146
01107360015,3,Dys,kPT,,,,342,153,189,163
01107360016,3,Dys,kPU,,,,395,183,212,167
01107360017,3,Dys,kPV,,,,367,161,206,179
01107360018,3,Dys,kPW,,,,500,248,252,258
01107360019,3,Dys,kPX,,,,301,123,178,113
01107360020,3,Dys,kQO,,,,297,132,165,137
011073700,2,Dys,,,,,5342,2475,2867,2607
01107370001,3,Dys,P,,,,109,45,64,48
01107370002,3,Dys,Q,,,,281,137,144,144
01107370003,3,Dys,R,,,,478,215,263,226
01107370004,3,Dys,S,,,,-,-,-,-
01107370005,3,Dys,T,,,,282,135,147,167
01107370006,3,Dys,U,,,,89,34,55,46
01107370007,3,Dys,V,,,,282,123,159,145
01107370008,3,Dys,W,,,,283,133,150,146
01107370009,3,Dys,X,,,,227,95,132,117
01107370010,3,Dys,PO,,,,292,138,154,134
01107370011,3,Dys,PP,,,,240,136,104,132
01107370012,3,Dys,PQ,,,,384,197,187,202
01107370013,3,Dys,PR,,,,354,158,196,165
01107370014,3,Dys,PS,,,,255,125,130,116
01107370015,3,Dys,PT,,,,198,85,113,87
01107370016,3,Dys,PU,,,,221,108,113,120
01107370017,3,Dys,PV,,,,180,77,103,75
01107370018,3,Dys,PW,,,,313,140,173,154
01107370019,3,Dys,PX,,,,295,140,155,132
01107370020,3,Dys,QO,,,,251,114,137,119
01107370021,3,Dys,QP,,,,328,140,188,132
011073800,2,Dys,{̑,,,,156,33,123,8
011073900,2,Dys,,,,,34,17,17,12
011074000,2,Dys,,,,,5,2,3,1
011074100,2,Dys,a,,,,325,129,196,42
011074501,2,Dys,{̑,,,,3726,1797,1929,1786
01107450101,3,Dys,{̑P,,,,274,131,143,108
01107450102,3,Dys,{̑Q,,,,487,240,247,217
01107450103,3,Dys,{̑R,,,,641,298,343,368
01107450104,3,Dys,{̑S,,,,1226,579,647,557
01107450105,3,Dys,{̑T,,,,1098,549,549,536
011074502,2,Dys,{̑,,,,2614,1230,1384,1166
01107450201,3,Dys,{̑P,,,,1233,574,659,520
01107450202,3,Dys,{̑Q,,,,619,287,332,301
01107450203,3,Dys,{̑R,,,,198,89,109,81
01107450204,3,Dys,{̑S,,,,402,187,215,183
01107450205,3,Dys,{̑T,,,,162,93,69,81
011074503,2,Dys,{̑O,,,,3103,1476,1627,1349
01107450302,3,Dys,{̑OQ,,,,110,50,60,41
01107450303,3,Dys,{̑OR,,,,1093,522,571,513
01107450304,3,Dys,{̑OS,,,,657,301,356,269
01107450305,3,Dys,{̑OT,,,,1243,603,640,526
011074504,2,Dys,{̑l,,,,2172,1026,1146,834
01107450403,3,Dys,{̑lR,,,,695,328,367,264
01107450404,3,Dys,{̑lS,,,,385,181,204,161
01107450405,3,Dys,{̑lT,,,,1092,517,575,409
