KEY_CODE,HYOSYO,CITYNAME,NAME,HTKSYORI,HTKSAKI,GASSAN,T000572001,T000572002,T000572003,T000572004
,,,,,,,l,j,,ё
01205,1,s,,,,,94535,46074,48461,45029
012050010,2,s,Gے,,,,2667,1201,1466,1069
01205001001,3,s,GےP,,,,530,250,280,230
01205001002,3,s,GےQ,,,,1545,688,857,593
01205001003,3,s,GےR,,,,592,263,329,246
01205001004,3,s,GےS,,,,-,-,-,-
012050020,2,s,jÒ,,,,2344,1135,1209,974
01205002001,3,s,jÒP,,,,130,86,44,87
01205002002,3,s,jÒQ,,,,985,462,523,400
01205002003,3,s,jÒR,,,,650,291,359,249
01205002004,3,s,jÒS,,,,579,296,283,238
012050030,2,s,`쒬,,,,1536,754,782,689
01205003001,3,s,`쒬P,,,,646,323,323,296
01205003002,3,s,`쒬Q,,,,890,431,459,393
012050040,2,s,s,,,,1041,470,571,483
01205004001,3,s,sP,,,,834,383,451,391
01205004002,3,s,sQ,,,,207,87,120,92
012050050,2,s,,,,,1391,636,755,666
01205005001,3,s,P,,,,815,369,446,396
01205005002,3,s,Q,,,,576,267,309,270
012050060,2,s,zn,,,,165,81,84,70
012050070,2,s,Β,,,,346,162,184,188
012050080,2,s,H,,,,318,141,177,164
012050090,2,s,,,,,491,223,268,243
012050100,2,s,,,,,463,196,267,254
012050110,2,s,Cݒ,,,,528,220,308,280
01205011002,3,s,CݒQ,,,,200,80,120,124
01205011003,3,s,CݒR,,,,328,140,188,156
012050111,2,s,Cݒ,,,,18,7,11,9
012050112,2,s,Cݒ,,,,6,3,3,3
012050120,2,s,,,,,840,415,425,493
01205012001,3,s,P,,,,112,39,73,66
01205012002,3,s,Q,,,,271,122,149,136
01205012003,3,s,R,,,,238,107,131,119
01205012004,3,s,S,,,,219,147,72,172
012050130,2,s,Ւ,,,,453,209,244,262
012050140,2,s,,,,,366,172,194,193
01205014001,3,s,P,,,,-,-,-,-
01205014002,3,s,Q,,,,366,172,194,193
012050150,2,s,K,,,,270,110,160,148
012050160,2,s,{,,,,478,215,263,273
01205016001,3,s,{P,,,,243,106,137,140
01205016002,3,s,{Q,,,,235,109,126,133
012050170,2,s,h,,,,534,237,297,271
01205017001,3,s,hP,,,,413,192,221,205
01205017002,3,s,hQ,,,,121,45,76,66
012050180,2,s,M,,,,1042,454,588,563
01205018001,3,s,MP,,,,579,238,341,326
01205018002,3,s,MQ,,,,463,216,247,237
012050190,2,s,R蒬,,,,582,275,307,272
01205019001,3,s,R蒬P,,,,95,53,42,59
01205019002,3,s,R蒬Q,,,,163,67,96,91
01205019003,3,s,R蒬R,,,,324,155,169,122
012050200,2,s,],,,,16,7,9,10
012050210,2,s,Ò,,,,2,1,1,1
012050220,2,s,Vx,,,,709,242,467,375
01205022001,3,s,VxP,,,,702,239,463,371
01205022002,3,s,VxQ,,,,7,3,4,4
012050230,2,s,k,,,,1333,599,734,643
01205023001,3,s,kP,,,,756,348,408,362
01205023002,3,s,kQ,,,,470,202,268,225
01205023003,3,s,kR,,,,107,49,58,56
012050240,2,s,쒬,,,,3590,1633,1957,1703
01205024001,3,s,쒬P,,,,549,251,298,263
01205024002,3,s,쒬Q,,,,1188,543,645,553
01205024003,3,s,쒬R,,,,776,350,426,374
01205024004,3,s,쒬S,,,,444,197,247,205
01205024005,3,s,쒬T,,,,633,292,341,308
012050250,2,s,O,,,,2260,1195,1065,1028
01205025001,3,s,OP,,,,995,480,515,413
01205025002,3,s,OQ,,,,1072,621,451,535
01205025003,3,s,OR,,,,193,94,99,80
012050260,2,s,蒬,,,,890,407,483,375
01205026001,3,s,蒬P,,,,-,-,-,-
01205026002,3,s,蒬Q,,,,890,407,483,375
012050270,2,s,,,,,1145,494,651,565
01205027001,3,s,򒬂P,,,,358,159,199,182
01205027002,3,s,򒬂Q,,,,515,221,294,239
01205027003,3,s,򒬂R,,,,272,114,158,144
012050280,2,s,֐,,,,1632,801,831,818
01205028001,3,s,֐P,,,,841,418,423,423
01205028002,3,s,֐Q,,,,750,360,390,369
01205028003,3,s,֐R,,,,41,23,18,26
012050290,2,s,݂䂫,,,,1071,497,574,517
01205029001,3,s,݂䂫P,,,,519,229,290,249
01205029002,3,s,݂䂫Q,,,,286,143,143,133
01205029003,3,s,݂䂫R,,,,266,125,141,135
012050300,2,s,,,,,1,1,-,1
012050310,2,s,,,,,5894,2747,3147,3234
01205031001,3,s,P,,,,1644,709,935,834
01205031002,3,s,Q,,,,959,485,474,533
01205031003,3,s,R,,,,474,249,225,227
01205031004,3,s,S,,,,1323,599,724,817
01205031005,3,s,T,,,,1494,705,789,823
012050320,2,s,,,,,2344,1150,1194,1117
01205032001,3,s,P,,,,945,482,463,474
01205032002,3,s,Q,,,,912,426,486,417
01205032003,3,s,R,,,,487,242,245,226
012050330,2,s,̏o,,,,3553,1743,1810,1628
01205033001,3,s,̏oP,,,,1169,603,566,556
01205033002,3,s,̏oQ,,,,1700,811,889,748
01205033003,3,s,̏oR,,,,684,329,355,324
012050340,2,s,,,,,4288,2105,2183,2224
01205034001,3,s,P,,,,1121,530,591,594
01205034002,3,s,Q,,,,1309,649,660,764
01205034003,3,s,R,,,,1476,742,734,658
01205034004,3,s,S,,,,382,184,198,208
012050350,2,s,{,,,,2880,1340,1540,1266
01205035001,3,s,{P,,,,975,456,519,437
01205035002,3,s,{Q,,,,956,453,503,426
01205035003,3,s,{R,,,,949,431,518,403
012050360,2,s,mʒ,,,,4099,1890,2209,1704
01205036001,3,s,mʒP,,,,773,340,433,346
01205036002,3,s,mʒQ,,,,1794,814,980,796
01205036003,3,s,mʒR,,,,834,396,438,337
01205036004,3,s,mʒS,,,,698,340,358,225
012050370,2,s,{̐X,,,,3178,1488,1690,1546
01205037001,3,s,{̐XP,,,,648,302,346,273
01205037002,3,s,{̐XQ,,,,812,373,439,379
01205037003,3,s,{̐XR,,,,1020,494,526,516
01205037004,3,s,{̐XS,,,,698,319,379,378
012050380,2,s,,,,,8932,4818,4114,4804
01205038001,3,s,P,,,,3200,1742,1458,1685
01205038002,3,s,Q,,,,1660,763,897,788
01205038003,3,s,R,,,,871,426,445,433
01205038004,3,s,S,,,,1564,786,778,744
01205038005,3,s,T,,,,1637,1101,536,1154
012050390,2,s,,,,,4087,2846,1241,2737
012050400,2,s,V_,,,,1329,676,653,630
012050410,2,s,{֐,,,,2958,1363,1595,1343
01205041001,3,s,{֐P,,,,85,41,44,36
01205041002,3,s,{֐Q,,,,349,179,170,159
01205041003,3,s,{֐R,,,,978,443,535,437
01205041004,3,s,{֐S,,,,670,312,358,311
01205041005,3,s,{֐T,,,,876,388,488,400
012050420,2,s,`k,,,,3819,1807,2012,1620
01205042001,3,s,`kP,,,,573,300,273,254
01205042002,3,s,`kQ,,,,967,456,511,403
01205042003,3,s,`kR,,,,955,448,507,379
01205042004,3,s,`kS,,,,978,455,523,427
01205042005,3,s,`kT,,,,346,148,198,157
012050430,2,s,,,,,272,112,160,100
012050441,2,s,ؒ,,,,1551,727,824,609
012050450,2,s,w,,,,776,365,411,337
01205045001,3,s,wP,,,,-,-,-,-
01205045002,3,s,wQ,,,,206,93,113,99
01205045003,3,s,wR,,,,266,120,146,114
01205045004,3,s,wS,,,,242,116,126,101
01205045005,3,s,wT,,,,62,36,26,23
012050460,2,s,yG,,,,1024,470,554,453
012050470,2,s,쒬,,,,51,23,28,22
012050480,2,s,_㒬,,,,20,13,7,9
012050490,2,s,,,,,8119,3833,4286,3544
01205049001,3,s,P,,,,1553,787,766,673
01205049002,3,s,Q,,,,2321,1060,1261,1152
01205049003,3,s,R,,,,912,456,456,428
01205049004,3,s,S,,,,2073,955,1118,820
01205049005,3,s,T,,,,1260,575,685,471
012050500,2,s,璬,,,,359,177,182,150
012050510,2,s,ΐ쒬,,,,320,150,170,122
012050520,2,s,,,,,6153,3037,3116,2226
01205052001,3,s,P,,,,1038,496,542,359
01205052002,3,s,Q,,,,1919,951,968,659
01205052003,3,s,R,,,,537,276,261,199
01205052004,3,s,S,,,,1487,733,754,556
01205052005,3,s,T,,,,1172,581,591,453
012050530,2,s,`,,,,1,1,-,1
