KEY_CODE,HYOSYO,CITYNAME,NAME,HTKSYORI,HTKSAKI,GASSAN,T000572001,T000572002,T000572003,T000572004
,,,,,,,l,j,,ё
01206,1,Hs,,,,,181169,85474,95695,81015
012060010,2,Hs,,,,,862,358,504,481
01206001001,3,Hs,ʂP,,,,34,14,20,17
01206001002,3,Hs,ʂQ,,,,115,46,69,66
01206001003,3,Hs,ʂR,,,,116,40,76,62
01206001004,3,Hs,ʂS,,,,131,58,73,83
01206001005,3,Hs,ʂT,,,,124,60,64,78
01206001006,3,Hs,ʂU,,,,186,81,105,95
01206001007,3,Hs,ʂV,,,,80,28,52,45
01206001008,3,Hs,ʂW,,,,76,31,45,35
012060020,2,Hs,咬,,,,418,201,217,200
01206002001,3,Hs,咬P,,,,15,9,6,11
01206002002,3,Hs,咬Q,,,,10,4,6,4
01206002003,3,Hs,咬R,,,,19,9,10,8
01206002004,3,Hs,咬S,,,,8,2,6,2
01206002005,3,Hs,咬T,,,,113,57,56,47
01206002006,3,Hs,咬U,,,,181,86,95,88
01206002007,3,Hs,咬V,,,,48,22,26,25
01206002008,3,Hs,咬W,,,,24,12,12,15
012060030,2,Hs,M,,,,452,219,233,203
01206003003,3,Hs,MR,,,,10,4,6,7
01206003004,3,Hs,MS,,,,25,13,12,12
01206003005,3,Hs,MT,,,,123,57,66,47
01206003006,3,Hs,MU,,,,170,80,90,71
01206003007,3,Hs,MV,,,,124,65,59,66
012060040,2,Hs,`,,,,7,4,3,3
012060050,2,Hs,ml,,,,134,65,69,53
012060060,2,Hs,Ē,,,,1240,557,683,581
01206006001,3,Hs,ĒP,,,,216,114,102,103
01206006002,3,Hs,ĒQ,,,,508,206,302,251
01206006003,3,Hs,ĒR,,,,288,139,149,137
01206006004,3,Hs,ĒS,,,,228,98,130,90
012060070,2,Hs,퐶,,,,932,414,518,472
01206007001,3,Hs,퐶P,,,,499,222,277,254
01206007002,3,Hs,퐶Q,,,,433,192,241,218
012060080,2,Hs,Y,,,,817,384,433,410
01206008001,3,Hs,YP,,,,44,20,24,18
01206008002,3,Hs,YQ,,,,117,56,61,67
01206008003,3,Hs,YR,,,,119,55,64,53
01206008004,3,Hs,YS,,,,79,33,46,36
01206008005,3,Hs,YT,,,,132,75,57,71
01206008006,3,Hs,YU,,,,83,33,50,42
01206008007,3,Hs,YV,,,,127,60,67,72
01206008008,3,Hs,YW,,,,116,52,64,51
012060090,2,Hs,{{,,,,1225,795,430,481
01206009001,3,Hs,{{P,,,,315,183,132,182
01206009002,3,Hs,{{Q,,,,910,612,298,299
012060100,2,Hs,xm,,,,1431,680,751,714
01206010001,3,Hs,xmP,,,,299,136,163,162
01206010002,3,Hs,xmQ,,,,418,182,236,225
01206010003,3,Hs,xmR,,,,714,362,352,327
012060110,2,Hs,ؒ,,,,497,225,272,212
012060120,2,Hs,,,,,64,32,32,29
012060130,2,Hs,쒬,,,,305,128,177,165
012060140,2,Hs,Zg,,,,999,447,552,539
01206014001,3,Hs,ZgP,,,,474,218,256,241
01206014002,3,Hs,ZgQ,,,,525,229,296,298
012060150,2,Hs,R,,,,601,256,345,372
01206015001,3,Hs,RP,,,,453,197,256,287
01206015002,3,Hs,RQ,,,,148,59,89,85
012060160,2,Hs,ޖؒ,,,,1128,505,623,533
012060170,2,Hs,Β,,,,678,309,369,345
012060180,2,Hs,L,,,,2998,1377,1621,1243
01206018001,3,Hs,L˂P,,,,411,192,219,176
01206018002,3,Hs,L˂Q,,,,1636,747,889,675
01206018003,3,Hs,L˂R,,,,206,94,112,81
01206018004,3,Hs,L˂S,,,,745,344,401,311
012060190,2,Hs,k,,,,78,32,46,41
01206019001,3,Hs,kʂP,,,,-,-,-,-
01206019002,3,Hs,kʂQ,,,,9,4,5,7
01206019003,3,Hs,kʂR,,,,8,3,5,4
01206019004,3,Hs,kʂS,,,,13,6,7,5
01206019005,3,Hs,kʂT,,,,7,3,4,3
01206019006,3,Hs,kʂU,,,,4,2,2,3
01206019007,3,Hs,kʂV,,,,-,-,-,-
01206019008,3,Hs,kʂW,,,,9,4,5,4
01206019009,3,Hs,kʂX,,,,4,1,3,3
01206019010,3,Hs,kʂPO,,,,6,2,4,2
01206019011,3,Hs,kʂPP,,,,5,2,3,2
01206019012,3,Hs,kʂPQ,,,,9,4,5,5
01206019013,3,Hs,kʂPR,,,,4,1,3,3
01206019014,3,Hs,kʂPS,,,,-,-,-,-
012060200,2,Hs,L,,,,104,53,51,68
01206020001,3,Hs,LP,,,,-,-,-,-
01206020002,3,Hs,LQ,,,,12,4,8,8
01206020003,3,Hs,LR,,,,3,1,2,2
01206020004,3,Hs,LS,,,,3,2,1,2
01206020005,3,Hs,LT,,,,-,-,-,-
01206020006,3,Hs,LU,,,,16,9,7,12
01206020007,3,Hs,LV,,,,17,8,9,15
01206020008,3,Hs,LW,,,,10,4,6,3
01206020009,3,Hs,LX,,,,-,-,-,-
01206020010,3,Hs,LPO,,,,11,5,6,4
01206020011,3,Hs,LPP,,,,8,3,5,4
01206020012,3,Hs,LPQ,,,,24,17,7,18
01206020013,3,Hs,LPR,,,,-,-,-,-
01206020014,3,Hs,LPS,,,,-,-,-,-
012060210,2,Hs,h,,,,153,68,85,96
01206021001,3,Hs,hP,,,,-,-,-,-
01206021002,3,Hs,hQ,,,,-,-,-,-
01206021003,3,Hs,hR,,,,2,1,1,1
01206021004,3,Hs,hS,,,,3,1,2,1
01206021005,3,Hs,hT,,,,4,1,3,3
01206021006,3,Hs,hU,,,,2,1,1,1
01206021007,3,Hs,hV,,,,8,2,6,4
01206021008,3,Hs,hW,,,,41,17,24,22
01206021009,3,Hs,hX,,,,34,17,17,28
01206021010,3,Hs,hPO,,,,28,15,13,20
01206021011,3,Hs,hPP,,,,15,6,9,7
01206021012,3,Hs,hPQ,,,,16,7,9,9
012060220,2,Hs,㒬,,,,274,134,140,176
01206022002,3,Hs,㒬Q,,,,21,10,11,12
01206022003,3,Hs,㒬R,,,,8,2,6,5
01206022004,3,Hs,㒬S,,,,57,35,22,43
01206022005,3,Hs,㒬T,,,,9,3,6,5
01206022006,3,Hs,㒬U,,,,27,14,13,18
01206022007,3,Hs,㒬V,,,,38,19,19,25
01206022008,3,Hs,㒬W,,,,14,9,5,7
01206022009,3,Hs,㒬X,,,,15,6,9,6
01206022010,3,Hs,㒬PO,,,,60,25,35,38
01206022011,3,Hs,㒬PP,,,,25,11,14,17
012060230,2,Hs,,,,,1009,431,578,542
012060240,2,Hs,Ð쒬,,,,9,4,5,6
012060250,2,Hs,k,,,,943,440,503,574
012060260,2,Hs,x쒬,,,,1293,566,727,682
012060270,2,Hs,VH,,,,806,389,417,373
012060280,2,Hs,],,,,538,239,299,240
012060290,2,Hs,z,,,,1008,450,558,441
012060300,2,Hs,Y,,,,929,440,489,470
012060310,2,Hs,Vx,,,,785,376,409,424
012060320,2,Hs,V,,,,470,215,255,263
01206032001,3,Hs,VʂP,,,,15,7,8,3
01206032002,3,Hs,VʂQ,,,,24,11,13,13
01206032003,3,Hs,VʂR,,,,187,89,98,112
01206032004,3,Hs,VʂS,,,,14,7,7,6
01206032005,3,Hs,VʂT,,,,21,11,10,10
01206032006,3,Hs,VʂU,,,,13,6,7,5
01206032007,3,Hs,VʂV,,,,60,30,30,31
01206032008,3,Hs,VʂW,,,,86,38,48,60
01206032009,3,Hs,VʂX,,,,50,16,34,23
012060330,2,Hs,,,,,811,375,436,404
012060340,2,Hs,|,,,,1328,602,726,593
012060350,2,Hs,ᑐ,,,,1207,546,661,560
012060360,2,Hs,쑽,,,,494,245,249,203
012060370,2,Hs,t,,,,954,424,530,438
012060380,2,Hs,V쒬,,,,1073,447,626,557
012060390,2,Hs,ZV],,,,1089,493,596,496
012060400,2,Hs,꒬,,,,1516,740,776,752
012060410,2,Hs,[,,,,450,229,221,219
012060420,2,Hs,h,,,,819,379,440,436
01206042001,3,Hs,hʂP,,,,50,21,29,22
01206042002,3,Hs,hʂQ,,,,55,24,31,24
01206042003,3,Hs,hʂR,,,,57,25,32,28
01206042004,3,Hs,hʂS,,,,171,83,88,78
01206042005,3,Hs,hʂT,,,,54,24,30,41
01206042006,3,Hs,hʂU,,,,54,20,34,28
01206042007,3,Hs,hʂV,,,,60,28,32,35
01206042008,3,Hs,hʂW,,,,142,70,72,88
01206042009,3,Hs,hʂX,,,,176,84,92,92
012060430,2,Hs,ᏼ,,,,715,343,372,401
012060440,2,Hs,ot,,,,944,481,463,457
012060450,2,Hs,Vh,,,,791,353,438,441
012060460,2,Hs,,,,,694,332,362,325
012060470,2,Hs,ԉ,,,,560,266,294,280
012060480,2,Hs,,,,,669,309,360,347
012060490,2,Hs,Œ,,,,849,381,468,448
012060500,2,Hs,,,,,675,302,373,304
012060510,2,Hs,ђ,,,,71,38,33,44
01206051002,3,Hs,ђQ,,,,1,-,1,1
01206051003,3,Hs,ђR,,,,22,10,12,12
01206051004,3,Hs,ђS,,,,33,21,12,22
01206051005,3,Hs,ђT,,,,15,7,8,9
012060520,2,Hs,,,,,240,111,129,72
01206052006,3,Hs,U,,,,6,2,4,2
01206052007,3,Hs,V,,,,18,10,8,12
01206052008,3,Hs,W,,,,126,52,74,2
01206052009,3,Hs,X,,,,6,2,4,4
01206052010,3,Hs,PO,,,,-,-,-,-
01206052011,3,Hs,PP,,,,-,-,-,-
01206052012,3,Hs,PQ,,,,10,2,8,6
01206052013,3,Hs,PR,,,,73,43,30,45
01206052014,3,Hs,PS,,,,1,-,1,1
012060530,2,Hs,K,,,,378,188,190,224
01206053003,3,Hs,KR,,,,-,-,-,-
01206053004,3,Hs,KS,,,,-,-,-,-
01206053005,3,Hs,KT,,,,60,28,32,34
01206053006,3,Hs,KU,,,,37,13,24,17
01206053007,3,Hs,KV,,,,74,38,36,44
01206053008,3,Hs,KW,,,,-,-,-,-
01206053009,3,Hs,KX,,,,-,-,-,-
01206053010,3,Hs,KPO,,,,-,-,-,-
01206053011,3,Hs,KPP,,,,-,-,-,-
01206053012,3,Hs,KPQ,,,,106,51,55,61
01206053013,3,Hs,KPR,,,,44,24,20,28
01206053014,3,Hs,KPS,,,,57,34,23,40
012060540,2,Hs,QԒ,,,,827,386,441,436
01206054003,3,Hs,QԒR,,,,-,-,-,-
01206054004,3,Hs,QԒS,,,,6,3,3,3
01206054005,3,Hs,QԒT,,,,11,6,5,5
01206054006,3,Hs,QԒU,,,,24,10,14,9
01206054007,3,Hs,QԒV,,,,57,35,22,36
01206054008,3,Hs,QԒW,,,,42,18,24,16
01206054009,3,Hs,QԒX,,,,105,48,57,56
01206054010,3,Hs,QԒPO,,,,46,17,29,16
01206054011,3,Hs,QԒPP,,,,57,26,31,32
01206054012,3,Hs,QԒPQ,,,,322,143,179,176
01206054013,3,Hs,QԒPR,,,,157,80,77,87
012060550,2,Hs,,,,,1199,565,634,581
01206055001,3,Hs,P,,,,649,313,336,299
01206055002,3,Hs,Q,,,,228,101,127,122
01206055003,3,Hs,R,,,,243,107,136,114
01206055004,3,Hs,S,,,,79,44,35,46
012060560,2,Hs,l,,,,392,202,190,183
012060570,2,Hs,,,,,362,182,180,173
012060580,2,Hs,l,,,,222,122,100,120
012060590,2,Hs,l,,,,45,17,28,26
012060600,2,Hs,ٓVPl,,,,23,11,12,10
012060610,2,Hs,mY,,,,191,90,101,95
012060620,2,Hs,߃P,,,,2323,1098,1225,1202
01206062001,3,Hs,߃PЂP,,,,830,429,401,400
01206062002,3,Hs,߃PЂQ,,,,770,350,420,442
01206062003,3,Hs,߃PЂR,,,,723,319,404,360
012060630,2,Hs,΃P,,,,8633,3929,4704,3967
01206063001,3,Hs,΃PP,,,,1534,690,844,810
01206063002,3,Hs,΃PQ,,,,1990,892,1098,930
01206063003,3,Hs,΃PR,,,,445,180,265,181
01206063004,3,Hs,΃PS,,,,993,461,532,452
01206063005,3,Hs,΃PT,,,,2405,1123,1282,1030
01206063006,3,Hs,΃PU,,,,1266,583,683,564
012060640,2,Hs,,,,,8698,4015,4683,3891
01206064001,3,Hs,P,,,,2570,1157,1413,1075
01206064002,3,Hs,Q,,,,1786,837,949,764
01206064003,3,Hs,R,,,,1862,904,958,837
01206064004,3,Hs,S,,,,2205,982,1223,1096
01206064005,3,Hs,T,,,,275,135,140,119
012060650,2,Hs,t,,,,7376,3378,3998,3310
01206065001,3,Hs,t̂P,,,,437,212,225,227
01206065002,3,Hs,t̂Q,,,,1484,690,794,672
01206065003,3,Hs,t̂R,,,,739,332,407,340
01206065004,3,Hs,t̂S,,,,1534,676,858,737
01206065005,3,Hs,t̂T,,,,726,359,367,353
01206065006,3,Hs,t̂U,,,,844,375,469,384
01206065007,3,Hs,t̂V,,,,1289,572,717,480
01206065008,3,Hs,t̂W,,,,323,162,161,117
012060660,2,Hs,,,,,5412,2545,2867,2352
01206066001,3,Hs,ÂP,,,,602,276,326,297
01206066002,3,Hs,ÂQ,,,,2040,981,1059,897
01206066003,3,Hs,ÂR,,,,426,203,223,171
01206066004,3,Hs,ÂS,,,,1111,516,595,466
01206066005,3,Hs,ÂT,,,,1233,569,664,521
012060670,2,Hs,P,,,,7716,3610,4106,3245
01206067001,3,Hs,PP,,,,687,306,381,308
01206067002,3,Hs,PQ,,,,1125,495,630,467
01206067003,3,Hs,PR,,,,383,180,203,171
01206067004,3,Hs,PS,,,,631,318,313,275
01206067005,3,Hs,PT,,,,918,413,505,394
01206067006,3,Hs,PU,,,,1776,842,934,773
01206067007,3,Hs,PV,,,,1904,910,994,791
01206067008,3,Hs,PW,,,,292,146,146,66
012060680,2,Hs,vY,,,,1976,958,1018,829
01206068001,3,Hs,vYP,,,,29,20,9,18
01206068002,3,Hs,vYQ,,,,620,282,338,270
01206068003,3,Hs,vYR,,,,245,126,119,105
01206068004,3,Hs,vYS,,,,1082,530,552,436
012060690,2,Hs,j,,,,289,141,148,110
012060700,2,Hs,OÉY,,,,87,44,43,26
012060710,2,Hs,R,,,,-,-,-,-
012060720,2,Hs,_,,,,220,82,138,31
012060730,2,Hs,C^,,,,-,-,-,-
01206073001,3,Hs,C^P,,,,-,-,-,-
01206073002,3,Hs,C^Q,,,,-,-,-,-
01206073003,3,Hs,C^R,,,,-,-,-,-
012060740,2,Hs,L,,,,-,-,-,-
012060750,2,Hs,,,,,15,9,6,1
012060760,2,Hs,쒬,,,,680,315,365,335
012060770,2,Hs,L쒬,,,,1173,538,635,568
012060780,2,Hs,,,,,935,407,528,509
012060790,2,Hs,Vxm,,,,1748,852,896,818
01206079001,3,Hs,VxmP,,,,92,44,48,33
01206079002,3,Hs,VxmQ,,,,429,205,224,199
01206079003,3,Hs,VxmR,,,,403,183,220,174
01206079004,3,Hs,VxmS,,,,709,374,335,366
01206079005,3,Hs,VxmT,,,,115,46,69,46
01206079006,3,Hs,VxmU,,,,-,-,-,-
012060800,2,Hs,a,,,,407,121,286,6
012060820,2,Hs,,,,,-,-,-,-
012060830,2,Hs,kl,,,,27,15,12,9
012060841,2,Hs,ߖ,,,,1296,634,662,484
012060842,2,Hs,ߖ,,,,56,29,27,24
012060860,2,Hs,H,,,,-,-,-,-
012060870,2,Hs,V,,,,24,10,14,12
012060880,2,Hs,Z,,,,47,24,23,16
012060890,2,Hs,ߋu,,,,203,109,94,14
012060900,2,Hs,R,,,,103,50,53,35
012060910,2,Hs,q,,,,53,23,30,8
012060920,2,Hs,c,,,,87,44,43,31
012060930,2,Hs,R,,,,-,-,-,-
012060940,2,Hs,y,,,,2664,1306,1358,1040
01206094000,3,Hs,y,,,,522,258,264,210
01206094001,3,Hs,yтP,,,,590,290,300,273
01206094002,3,Hs,yтQ,,,,209,117,92,91
01206094003,3,Hs,yтR,,,,682,329,353,260
01206094004,3,Hs,yтS,,,,253,119,134,104
01206094005,3,Hs,yтT,,,,408,193,215,102
012060950,2,Hs,yѓ,,,,1942,948,994,796
01206095001,3,Hs,yѓP,,,,163,79,84,59
01206095002,3,Hs,yѓQ,,,,470,223,247,190
01206095003,3,Hs,yѓR,,,,396,194,202,156
01206095004,3,Hs,yѓS,,,,443,224,219,186
01206095005,3,Hs,yѓT,,,,470,228,242,205
012060960,2,Hs,,,,,3048,1457,1591,1384
01206096001,3,Hs,ʂP,,,,292,142,150,118
01206096002,3,Hs,ʂQ,,,,224,131,93,98
01206096003,3,Hs,ʂR,,,,708,325,383,346
01206096004,3,Hs,ʂS,,,,489,209,280,203
01206096005,3,Hs,ʂT,,,,348,158,190,173
01206096006,3,Hs,ʂU,,,,131,62,69,54
01206096007,3,Hs,ʂV,,,,283,123,160,135
01206096008,3,Hs,ʂW,,,,276,149,127,128
01206096009,3,Hs,ʂX,,,,297,158,139,129
012060970,2,Hs,k,,,,6692,3174,3518,2949
01206097003,3,Hs,kR,,,,731,332,399,344
01206097004,3,Hs,kS,,,,1317,615,702,587
01206097005,3,Hs,kT,,,,946,465,481,442
01206097006,3,Hs,kU,,,,811,377,434,351
01206097007,3,Hs,kV,,,,353,170,183,158
01206097008,3,Hs,kW,,,,144,64,80,61
01206097009,3,Hs,kX,,,,1275,626,649,528
01206097010,3,Hs,kPO,,,,1115,525,590,478
012060980,2,Hs,,,,,2600,1227,1373,1176
01206098002,3,Hs,Q,,,,-,-,-,-
01206098003,3,Hs,R,,,,447,185,262,223
01206098004,3,Hs,S,,,,486,220,266,166
01206098005,3,Hs,T,,,,579,262,317,275
01206098006,3,Hs,U,,,,84,36,48,48
01206098007,3,Hs,V,,,,231,130,101,131
01206098008,3,Hs,W,,,,773,394,379,333
012060990,2,Hs,a,,,,2154,1042,1112,948
01206099001,3,Hs,aP,,,,189,87,102,92
01206099002,3,Hs,aQ,,,,627,307,320,284
01206099003,3,Hs,aR,,,,673,327,346,288
01206099004,3,Hs,aS,,,,665,321,344,284
012061000,2,Hs,,,,,2744,1254,1490,1268
01206100001,3,Hs,P,,,,479,211,268,247
01206100002,3,Hs,Q,,,,921,433,488,308
01206100003,3,Hs,R,,,,492,232,260,258
01206100004,3,Hs,S,,,,384,172,212,229
01206100005,3,Hs,T,,,,210,90,120,99
01206100006,3,Hs,U,,,,93,41,52,53
01206100007,3,Hs,V,,,,165,75,90,74
012061020,2,Hs,tΑ,,,,92,45,47,1
012061030,2,Hs,yіk,,,,210,100,110,85
01206103001,3,Hs,yіkP,,,,47,23,24,24
01206103002,3,Hs,yіkQ,,,,163,77,86,61
012061040,2,Hs,Y,,,,3294,1593,1701,1404
01206104001,3,Hs,YʂP,,,,653,320,333,306
01206104002,3,Hs,YʂQ,,,,820,402,418,361
01206104003,3,Hs,YʂR,,,,874,408,466,314
01206104004,3,Hs,YʂS,,,,335,163,172,143
01206104005,3,Hs,YʂT,,,,612,300,312,280
012061050,2,Hs,Yk,,,,2363,1127,1236,993
01206105001,3,Hs,YkP,,,,372,184,188,168
01206105002,3,Hs,YkQ,,,,701,335,366,310
01206105003,3,Hs,YkR,,,,502,242,260,205
01206105004,3,Hs,YkS,,,,518,245,273,210
01206105005,3,Hs,YkT,,,,270,121,149,100
012061060,2,Hs,Y,,,,28,15,13,9
01206106001,3,Hs,YP,,,,5,3,2,2
01206106002,3,Hs,YQ,,,,7,3,4,2
01206106003,3,Hs,YR,,,,16,9,7,5
01206106004,3,Hs,YS,,,,-,-,-,-
01206106005,3,Hs,YT,,,,-,-,-,-
01206106006,3,Hs,YU,,,,-,-,-,-
012061070,2,Hs,,,,,8319,3753,4566,3447
01206107001,3,Hs,P,,,,2492,1089,1403,1063
01206107002,3,Hs,Q,,,,1246,561,685,546
01206107003,3,Hs,R,,,,1331,618,713,557
01206107004,3,Hs,S,,,,767,379,388,288
01206107005,3,Hs,T,,,,2483,1106,1377,993
012061080,2,Hs,,,,,5861,2749,3112,2786
01206108001,3,Hs,P,,,,1344,623,721,636
01206108002,3,Hs,Q,,,,1779,822,957,827
01206108003,3,Hs,R,,,,1481,721,760,738
01206108004,3,Hs,S,,,,1257,583,674,585
012061090,2,Hs,yѐ,,,,2451,1359,1092,1003
01206109001,3,Hs,yѐP,,,,1042,519,523,476
01206109002,3,Hs,yѐQ,,,,1409,840,569,527
012061100,2,Hs,ak,,,,2563,1218,1345,1025
01206110001,3,Hs,akP,,,,773,362,411,323
01206110002,3,Hs,akQ,,,,861,409,452,336
01206110003,3,Hs,akR,,,,929,447,482,366
012061110,2,Hs,,,,,5699,2849,2850,2860
01206111001,3,Hs,P,,,,1116,554,562,574
01206111002,3,Hs,Q,,,,1424,791,633,796
01206111003,3,Hs,R,,,,1685,741,944,669
01206111004,3,Hs,S,,,,-,-,-,-
01206111005,3,Hs,T,,,,1474,763,711,821
012061120,2,Hs,,,,,4770,2202,2568,2089
01206112001,3,Hs,P,,,,1222,564,658,530
01206112002,3,Hs,Q,,,,1441,672,769,636
01206112003,3,Hs,R,,,,1336,611,725,580
01206112004,3,Hs,S,,,,771,355,416,343
012061130,2,Hs,`,,,,-,-,-,-
01206113000,3,Hs,`,,,,-,-,-,-
01206113001,3,Hs,`P,,,,-,-,-,-
01206113002,3,Hs,`Q,,,,-,-,-,-
01206113003,3,Hs,`R,,,,-,-,-,-
012061140,2,Hs,,,,,8813,4372,4441,3813
01206114001,3,Hs,P,,,,2587,1302,1285,1155
01206114002,3,Hs,Q,,,,1877,923,954,850
01206114003,3,Hs,R,,,,1454,705,749,546
01206114004,3,Hs,S,,,,2895,1442,1453,1262
012061150,2,Hs,ߖ쓌,,,,3593,1747,1846,1357
01206115001,3,Hs,ߖ쓌P,,,,510,241,269,197
01206115002,3,Hs,ߖ쓌Q,,,,798,389,409,329
01206115003,3,Hs,ߖ쓌R,,,,1005,500,505,366
01206115004,3,Hs,ߖ쓌S,,,,875,418,457,300
01206115005,3,Hs,ߖ쓌T,,,,405,199,206,165
012061160,2,Hs,a,,,,6248,2964,3284,2426
01206116001,3,Hs,aP,,,,1452,681,771,631
01206116002,3,Hs,aQ,,,,994,457,537,367
01206116003,3,Hs,aR,,,,1754,862,892,655
01206116004,3,Hs,aS,,,,261,125,136,88
01206116005,3,Hs,aT,,,,1081,493,588,412
01206116006,3,Hs,aU,,,,706,346,360,273
012061170,2,Hs,a,,,,4155,1964,2191,1516
01206117003,3,Hs,aR,,,,498,236,262,187
01206117004,3,Hs,aS,,,,1073,504,569,396
01206117005,3,Hs,aT,,,,1409,644,765,503
01206117006,3,Hs,aU,,,,1175,580,595,430
012061180,2,Hs,k,,,,616,256,360,218
01206118000,3,Hs,k,,,,37,21,16,14
01206118001,3,Hs,kP,,,,579,235,344,204
012062010,2,Hs,H``,,,,-,-,-,-
012062020,2,Hs,ť,,,,-,-,-,-
012062030,2,Hs,,,,,659,306,353,292
01206203001,3,Hs,P,,,,136,63,73,65
01206203002,3,Hs,Q,,,,218,96,122,97
01206203003,3,Hs,R,,,,235,118,117,100
01206203004,3,Hs,S,,,,70,29,41,30
012062040,2,Hs,V,,,,262,119,143,112
01206204001,3,Hs,VP,,,,193,89,104,77
01206204002,3,Hs,VQ,,,,69,30,39,35
012062050,2,Hs,kV,,,,464,213,251,214
01206205000,3,Hs,kV,,,,5,3,2,1
01206205001,3,Hs,kVP,,,,171,82,89,84
01206205002,3,Hs,kVQ,,,,256,115,141,115
01206205003,3,Hs,kVR,,,,32,13,19,14
012062060,2,Hs,k,,,,437,219,218,179
01206206001,3,Hs,kP,,,,9,5,4,3
01206206002,3,Hs,kQ,,,,365,184,181,148
01206206003,3,Hs,kR,,,,63,30,33,28
012062070,2,Hs,xm,,,,745,364,381,307
01206207000,3,Hs,xm,,,,11,6,5,4
01206207001,3,Hs,xmP,,,,359,170,189,151
01206207002,3,Hs,xmQ,,,,91,48,43,39
01206207003,3,Hs,xmR,,,,284,140,144,113
012062080,2,Hs,,,,,189,95,94,83
01206208001,3,Hs,P,,,,121,56,65,51
01206208002,3,Hs,Q,,,,68,39,29,32
012062090,2,Hs,,,,,155,62,93,71
01206209001,3,Hs,P,,,,23,10,13,12
01206209002,3,Hs,Q,,,,104,43,61,42
01206209003,3,Hs,R,,,,28,9,19,17
012062100,2,Hs,h,,,,102,45,57,44
012062110,2,Hs,h,,,,12,5,7,6
012062120,2,Hs,h,,,,52,25,27,21
012062130,2,Hs,,,,,44,21,23,19
012062140,2,Hs,,,,,27,12,15,14
012062150,2,Hs,㈢,,,,73,37,36,29
012062160,2,Hs,吳,,,,9,4,5,3
012062170,2,Hs,z,,,,198,80,118,69
012062180,2,Hs,Imu,,,,35,15,20,13
012062190,2,Hs,O,,,,27,15,12,9
012062200,2,Hs,h,,,,33,20,13,12
012062210,2,Hs,Oʒ,,,,78,39,39,35
012062220,2,Hs,O,,,,33,18,15,10
012062230,2,Hs,O,,,,39,19,20,13
012062240,2,Hs,O,,,,25,12,13,9
012062250,2,Hs,h,,,,14,6,8,6
012062260,2,Hs,O,,,,23,11,12,10
012062270,2,Hs,mXu,,,,20,10,10,10
012062280,2,Hs,mXu,,,,50,23,27,22
012062290,2,Hs,mXu,,,,56,31,25,21
012062300,2,Hs,mXu,,,,43,21,22,18
012062310,2,Hs,a,,,,53,28,25,13
012062320,2,Hs,Ή,,,,1583,810,773,868
01206232001,3,Hs,ΉP,,,,165,100,65,109
01206232002,3,Hs,ΉQ,,,,264,144,120,170
01206232003,3,Hs,ΉR,,,,343,163,180,168
01206232004,3,Hs,ΉS,,,,343,174,169,192
01206232005,3,Hs,ΉT,,,,112,60,52,69
01206232006,3,Hs,ΉU,,,,356,169,187,160
012062330,2,Hs,INVx,,,,-,-,-,-
012062340,2,Hs,΁iΖʁj,,,,-,-,-,-
012062350,2,Hs,ʒC,,,,255,143,112,153
01206235001,3,Hs,ʒCP,,,,127,72,55,89
01206235002,3,Hs,ʒCQ,,,,46,28,18,25
01206235003,3,Hs,ʒCR,,,,82,43,39,39
012062360,2,Hs,ʒ{,,,,352,163,189,147
01206236001,3,Hs,ʒ{P,,,,103,45,58,48
01206236002,3,Hs,ʒ{Q,,,,90,41,49,36
01206236003,3,Hs,ʒ{R,,,,159,77,82,63
012062370,2,Hs,ʒA,,,,14,8,6,6
012062380,2,Hs,ʒ,,,,236,111,125,120
01206238001,3,Hs,ʒP,,,,34,27,7,29
01206238002,3,Hs,ʒQ,,,,74,33,41,32
01206238003,3,Hs,ʒR,,,,128,51,77,59
012062390,2,Hs,ʒ,,,,438,190,248,176
01206239001,3,Hs,ʒP,,,,165,77,88,74
01206239002,3,Hs,ʒQ,,,,273,113,160,102
012062400,2,Hs,ʒᑐ,,,,9,5,4,4
012062410,2,Hs,ʒ쓌,,,,400,196,204,177
01206241001,3,Hs,ʒ쓌P,,,,309,155,154,123
01206241002,3,Hs,ʒ쓌Q,,,,91,41,50,54
012062420,2,Hs,ʒڂ,,,,-,-,-,-
012062430,2,Hs,ʒΒ,,,,82,43,39,37
01206243001,3,Hs,ʒΒP,,,,42,24,18,19
01206243002,3,Hs,ʒΒQ,,,,40,19,21,18
012062440,2,Hs,ʒh,,,,98,44,54,47
01206244001,3,Hs,ʒhP,,,,37,19,18,15
01206244002,3,Hs,ʒhQ,,,,61,25,36,32
012062450,2,Hs,ʒ쐼,,,,35,16,19,10
012062470,2,Hs,ʒ,,,,253,129,124,64
012062480,2,Hs,ʒn嗈,,,,8,4,4,4
012062520,2,Hs,ʒʌ,,,,45,19,26,15
012062530,2,Hs,ʒ,,,,22,12,10,6
012062540,2,Hs,ʒڕ,,,,59,28,31,17
012062550,2,Hs,ʒ,,,,45,25,20,17
