KEY_CODE,HYOSYO,CITYNAME,NAME,HTKSYORI,HTKSAKI,GASSAN,T000572001,T000572002,T000572003,T000572004
,,,,,,,l,j,,ё
01221,1,s,,,,,30591,14669,15922,13348
012210010,2,s,PP,,,,207,100,107,132
01221001001,3,s,PPP,,,,51,25,26,36
01221001002,3,s,PPQ,,,,156,75,81,96
012210020,2,s,PO,,,,332,145,187,161
01221002003,3,s,POR,,,,189,91,98,92
01221002004,3,s,POS,,,,143,54,89,69
012210030,2,s,X,,,,263,121,142,128
01221003005,3,s,XT,,,,145,73,72,74
01221003006,3,s,XU,,,,118,48,70,54
012210040,2,s,W,,,,305,160,145,163
01221004007,3,s,WV,,,,30,18,12,18
01221004008,3,s,WW,,,,154,86,68,79
01221004009,3,s,WX,,,,121,56,65,66
012210050,2,s,R,,,,283,131,152,157
01221005001,3,s,RP,,,,112,55,57,59
01221005002,3,s,RQ,,,,171,76,95,98
012210060,2,s,S,,,,282,142,140,144
01221006003,3,s,SR,,,,135,68,67,64
01221006004,3,s,SS,,,,147,74,73,80
012210070,2,s,U,,,,276,116,160,122
01221007005,3,s,UT,,,,116,54,62,72
01221007006,3,s,UU,,,,160,62,98,50
012210080,2,s,V,,,,231,108,123,114
01221008007,3,s,VV,,,,17,9,8,6
01221008008,3,s,VW,,,,86,40,46,40
01221008009,3,s,VX,,,,36,13,23,15
01221008010,3,s,VPO,,,,92,46,46,53
012210090,2,s,,,,,545,262,283,258
01221009001,3,s,P,,,,318,157,161,161
01221009002,3,s,Q,,,,227,105,122,97
012210100,2,s,kT,,,,775,378,397,382
01221010003,3,s,kTR,,,,358,167,191,157
01221010004,3,s,kTS,,,,417,211,206,225
012210110,2,s,T,,,,443,197,246,229
01221011005,3,s,TT,,,,284,126,158,155
01221011006,3,s,TU,,,,159,71,88,74
012210120,2,s,P,,,,638,294,344,308
01221012006,3,s,PU,,,,57,26,31,35
01221012007,3,s,PV,,,,70,24,46,40
01221012008,3,s,PW,,,,224,104,120,89
01221012009,3,s,PX,,,,287,140,147,144
012210130,2,s,PT,,,,221,111,110,108
012210140,2,s,PU,,,,339,163,176,158
01221014011,3,s,PUPP,,,,204,93,111,95
01221014012,3,s,PUPQ,,,,135,70,65,63
012210150,2,s,S,,,,188,95,93,82
01221015010,3,s,SPO,,,,159,84,75,72
01221015011,3,s,SPP,,,,12,5,7,5
01221015012,3,s,SPQ,,,,17,6,11,5
012210160,2,s,PW,,,,385,192,193,187
01221016011,3,s,PWPP,,,,126,60,66,66
01221016012,3,s,PWPQ,,,,259,132,127,121
012210170,2,s,,,,,1009,480,529,427
01221017010,3,s,PO,,,,476,231,245,207
01221017011,3,s,PP,,,,295,138,157,124
01221017012,3,s,PQ,,,,238,111,127,96
012210180,2,s,PQ,,,,385,180,205,178
01221018001,3,s,PQP,,,,44,18,26,19
01221018002,3,s,PQQ,,,,180,88,92,75
01221018003,3,s,PQR,,,,161,74,87,84
012210190,2,s,Q,,,,443,207,236,223
01221019001,3,s,QP,,,,133,59,74,71
01221019002,3,s,QQ,,,,130,64,66,59
01221019003,3,s,QR,,,,180,84,96,93
012210200,2,s,kV,,,,1236,506,730,721
01221020004,3,s,kVS,,,,327,137,190,195
01221020005,3,s,kVT,,,,369,138,231,177
01221020006,3,s,kVU,,,,384,167,217,245
01221020007,3,s,kVV,,,,156,64,92,104
012210210,2,s,PV,,,,308,145,163,145
01221021001,3,s,PVP,,,,142,69,73,71
01221021002,3,s,PVQ,,,,77,36,41,31
01221021003,3,s,PVR,,,,89,40,49,43
012210220,2,s,PX,,,,351,166,185,183
01221022001,3,s,PXP,,,,135,52,83,77
01221022002,3,s,PXQ,,,,99,58,41,62
01221022003,3,s,PXR,,,,117,56,61,44
012210230,2,s,QO,,,,213,101,112,109
01221023001,3,s,QOP,,,,45,18,27,23
01221023002,3,s,QOQ,,,,105,53,52,57
01221023003,3,s,QOR,,,,63,30,33,29
012210240,2,s,咬,,,,447,192,255,214
01221024004,3,s,咬S,,,,402,165,237,191
01221024005,3,s,咬T,,,,45,27,18,23
012210250,2,s,,,,,333,186,147,130
012210260,2,s,,,,,318,186,132,126
01221026001,3,s,P,,,,125,77,48,49
01221026004,3,s,S,,,,193,109,84,77
012210270,2,s,P,,,,484,235,249,215
01221027003,3,s,PR,,,,212,94,118,94
01221027004,3,s,PS,,,,272,141,131,121
012210280,2,s,Q,,,,686,344,342,303
01221028005,3,s,QT,,,,352,177,175,173
01221028006,3,s,QU,,,,221,113,108,87
01221028007,3,s,QV,,,,113,54,59,43
012210290,2,s,R,,,,869,404,465,380
01221029006,3,s,RU,,,,85,38,47,39
01221029007,3,s,RV,,,,105,48,57,51
01221029008,3,s,RW,,,,326,157,169,143
01221029009,3,s,RX,,,,353,161,192,147
012210300,2,s,h,,,,924,420,504,395
01221030001,3,s,hP,,,,852,390,462,360
01221030002,3,s,hQ,,,,72,30,42,35
012210310,2,s,QP,,,,377,203,174,162
01221031002,3,s,QPQ,,,,71,39,32,29
01221031003,3,s,QPR,,,,164,83,81,60
01221031004,3,s,QPS,,,,142,81,61,73
012210330,2,s,Hcn,,,,233,113,120,99
01221033008,3,s,HcnW,,,,173,82,91,74
01221033009,3,s,HcnX,,,,60,31,29,25
012210340,2,s,klcn,,,,186,71,115,113
012210350,2,s,Vklcn,,,,212,95,117,83
012210360,2,s,PQ,,,,1197,517,680,571
01221036001,3,s,PQP,,,,76,33,43,37
01221036002,3,s,PQQ,,,,183,77,106,84
01221036003,3,s,PQR,,,,196,89,107,80
01221036004,3,s,PQS,,,,150,69,81,66
01221036005,3,s,PQT,,,,320,133,187,173
01221036006,3,s,PQU,,,,174,80,94,78
01221036007,3,s,PQV,,,,98,36,62,53
012210370,2,s,PR,,,,892,408,484,425
01221037001,3,s,PRP,,,,350,153,197,166
01221037002,3,s,PRQ,,,,331,147,184,164
01221037003,3,s,PRR,,,,157,80,77,73
01221037004,3,s,PRS,,,,18,12,6,9
01221037005,3,s,PRT,,,,36,16,20,13
012210380,2,s,PS,,,,1236,575,661,531
01221038004,3,s,PSS,,,,259,119,140,110
01221038005,3,s,PST,,,,185,82,103,83
01221038006,3,s,PSU,,,,101,49,52,42
01221038007,3,s,PSV,,,,51,26,25,22
01221038009,3,s,PSX,,,,504,230,274,215
01221038010,3,s,PSPO,,,,73,34,39,36
01221038011,3,s,PSPP,,,,63,35,28,23
012210390,2,s,S,,,,30,29,1,30
01221039006,3,s,SU,,,,-,-,-,-
01221039008,3,s,SW,,,,-,-,-,-
01221039009,3,s,SX,,,,30,29,1,30
012210400,2,s,k,,,,521,235,286,239
01221040006,3,s,kU,,,,5,3,2,3
01221040008,3,s,kW,,,,305,142,163,133
01221040009,3,s,kX,,,,209,89,120,102
01221040010,3,s,kPO,,,,2,1,1,1
012210420,2,s,h,,,,259,123,136,111
01221042001,3,s,hP,,,,92,41,51,42
01221042002,3,s,hQ,,,,144,71,73,59
01221042003,3,s,hR,,,,23,11,12,10
012210430,2,s,u,,,,267,135,132,120
012210440,2,s,샖u,,,,152,75,77,65
012210450,2,s,_,,,,90,60,30,24
012210460,2,s,,,,,380,149,231,139
01221046000,3,s,,,,,327,124,203,109
01221046009,3,s,X,,,,53,25,28,30
012210470,2,s,,,,,147,73,74,51
01221047001,3,s,񒩓,,,,99,50,49,31
01221047003,3,s,,,,,48,23,25,20
012210490,2,s,,,,,559,259,300,205
01221049000,3,s,,,,,98,58,40,28
01221049001,3,s,P,,,,84,38,46,34
01221049002,3,s,Q,,,,98,41,57,46
01221049003,3,s,R,,,,46,25,21,21
01221049004,3,s,S,,,,27,12,15,14
01221049005,3,s,T,,,,48,23,25,21
01221049006,3,s,U,,,,5,2,3,3
01221049008,3,s,W,,,,111,29,82,12
01221049009,3,s,X,,,,42,31,11,26
012210500,2,s,΋u,,,,253,132,121,102
012210510,2,s,i,,,,95,51,44,40
012210520,2,s,勴,,,,885,434,451,412
01221052000,3,s,勴,,,,16,9,7,7
01221052005,3,s,勴T,,,,224,108,116,98
01221052006,3,s,勴U,,,,176,90,86,81
01221052007,3,s,勴V,,,,108,57,51,45
01221052008,3,s,勴W,,,,160,75,85,69
01221052009,3,s,勴X,,,,143,67,76,78
01221052010,3,s,勴PO,,,,38,18,20,22
01221052011,3,s,勴PP,,,,20,10,10,12
012210530,2,s,Lh,,,,1278,595,683,505
01221053000,3,s,Lh,,,,374,181,193,133
01221053009,3,s,LhX,,,,2,1,1,1
01221053010,3,s,LhPO,,,,447,202,245,188
01221053011,3,s,LhPP,,,,357,163,194,142
01221053012,3,s,LhPQ,,,,98,48,50,41
012210540,2,s,c,,,,808,390,418,347
012210550,2,s,,,,,676,635,41,44
012210560,2,s,vg,,,,118,56,62,33
012210570,2,s,,,,,131,56,75,44
012210580,2,s,,,,,64,33,31,17
012210590,2,s,퐶,,,,50,24,26,18
012210600,2,s,a,,,,73,33,40,28
012210610,2,s,qb,,,,624,338,286,253
01221061001,3,s,qbqk,,,,82,44,38,35
01221061002,3,s,qb,,,,80,40,40,36
01221061003,3,s,qbk,,,,4,2,2,2
01221061004,3,s,qbq,,,,27,12,15,9
01221061005,3,s,qbea,,,,63,35,28,26
01221061006,3,s,qb,,,,69,39,30,24
01221061007,3,s,qba,,,,24,15,9,6
01221061008,3,s,qb,,,,153,82,71,69
01221061009,3,s,qbU,,,,39,24,15,13
01221061010,3,s,qbX,,,,19,10,9,7
01221061011,3,s,qbq,,,,-,-,-,-
01221061012,3,s,qbq,,,,36,19,17,17
01221061013,3,s,qb,,,,28,16,12,9
012210730,2,s,m[X^E,,,,237,97,140,111
012210740,2,s,Ts[,,,,156,66,90,59
012210750,2,s,A,,,,168,76,92,60
012210760,2,s,A,,,,520,243,277,167
012210770,2,s,AL,,,,227,114,113,81
012210780,2,s,AA,,,,380,189,191,126
012210790,2,s,A,,,,174,84,90,61
012210800,2,s,Ai,,,,335,167,168,111
012210810,2,s,Aȑ,,,,-,-,-,-
012210820,2,s,AA,,,,92,42,50,32
012210830,2,s,A,,,,7,4,3,2
012210840,2,s,A,,,,356,159,197,158
012210850,2,s,A{,,,,77,41,36,31
012210860,2,s,A쒬,,,,182,82,100,80
012210870,2,s,A咬,,,,157,75,82,76
012210880,2,s,AV,,,,202,91,111,83
012210890,2,s,A,,,,691,309,382,304
012210900,2,s,Akh,,,,704,293,411,249
012210910,2,s,AΒ,,,,276,121,155,104
012210920,2,s,}[KbgB,,,,138,52,86,60
