KEY_CODE,HYOSYO,CITYNAME,NAME,HTKSYORI,HTKSAKI,GASSAN,T000572001,T000572002,T000572003,T000572004
,,,,,,,l,j,,ё
01106,1,Dys,,,,,146341,68072,78269,62776
011060100,2,Dys,≺,,,,5,2,3,3
011060200,2,Dys,R,,,,-,-,-,-
011060300,2,Dys,쉈,,,,-,-,-,-
011060400,2,Dys,km,,,,1287,587,700,377
011060500,2,Dys,m,,,,169,88,81,72
011060600,2,Dys,,,,,316,217,99,61
011060700,2,Dys,uΎR,,,,-,-,-,-
011060800,2,Dys,,,,,68,34,34,28
011060900,2,Dys,dΎR,,,,-,-,-,-
011061000,2,Dys,,,,,85,42,43,39
011061100,2,Dys,,,,,12,5,7,5
011061200,2,Dys,^,,,,3948,2179,1769,1184
011061300,2,Dys,^,,,,2499,1145,1354,1346
01106130001,3,Dys,^P,,,,1810,819,991,1087
01106130002,3,Dys,^Q,,,,-,-,-,-
01106130003,3,Dys,^R,,,,271,126,145,98
01106130004,3,Dys,^S,,,,418,200,218,161
011061400,2,Dys,^㒬,,,,2989,1285,1704,1321
01106140001,3,Dys,^㒬P,,,,806,363,443,321
01106140002,3,Dys,^㒬Q,,,,633,256,377,294
01106140003,3,Dys,^㒬R,,,,296,129,167,123
01106140004,3,Dys,^㒬S,,,,673,285,388,311
01106140005,3,Dys,^㒬T,,,,581,252,329,272
011061500,2,Dys,^Β,,,,5092,2194,2898,2429
01106150001,3,Dys,^ΒP,,,,1460,639,821,568
01106150002,3,Dys,^ΒQ,,,,795,359,436,350
01106150003,3,Dys,^ΒR,,,,1552,673,879,713
01106150004,3,Dys,^ΒS,,,,1285,523,762,798
011061600,2,Dys,^K,,,,245,131,114,106
01106160001,3,Dys,^KP,,,,43,22,21,17
01106160002,3,Dys,^KQ,,,,36,11,25,21
01106160003,3,Dys,^KR,,,,166,98,68,68
011061700,2,Dys,^,,,,2682,1170,1512,1165
01106170001,3,Dys,^򒬂P,,,,260,109,151,116
01106170002,3,Dys,^򒬂Q,,,,743,362,381,306
01106170003,3,Dys,^򒬂R,,,,956,421,535,408
01106170004,3,Dys,^򒬂S,,,,723,278,445,335
011061800,2,Dys,^쒬,,,,4317,2234,2083,1993
01106180001,3,Dys,^쒬P,,,,925,418,507,360
01106180002,3,Dys,^쒬Q,,,,314,157,157,121
01106180003,3,Dys,^쒬R,,,,494,254,240,164
01106180004,3,Dys,^쒬S,,,,1691,765,926,701
01106180005,3,Dys,^쒬T,,,,404,326,78,364
01106180006,3,Dys,^쒬U,,,,342,242,100,223
01106180007,3,Dys,^쒬V,,,,147,72,75,60
011061900,2,Dys,^{,,,,3583,1758,1825,1683
01106190001,3,Dys,^{P,,,,134,63,71,65
01106190002,3,Dys,^{Q,,,,592,359,233,249
01106190003,3,Dys,^{R,,,,762,325,437,374
01106190004,3,Dys,^{S,,,,6,2,4,4
01106190005,3,Dys,^{T,,,,716,392,324,297
01106190006,3,Dys,^{U,,,,494,220,274,246
01106190007,3,Dys,^{V,,,,879,397,482,448
011062000,2,Dys,ΎR,,,,1067,394,673,184
011062100,2,Dys,,,,,199,88,111,73
011062200,2,Dys,,,,,119,56,63,51
011062300,2,Dys,uR,,,,94,43,51,38
011062400,2,Dys,,,,,231,104,127,96
011062500,2,Dys,L,,,,657,304,353,274
011062600,2,Dys,,,,,126,62,64,55
011062700,2,Dys,Rk,,,,757,334,423,513
01106270001,3,Dys,Rk򓌂P,,,,32,12,20,14
01106270002,3,Dys,Rk򓌂Q,,,,114,44,70,68
01106270003,3,Dys,Rk򓌂R,,,,226,93,133,149
01106270004,3,Dys,Rk򓌂S,,,,385,185,200,282
011062800,2,Dys,Rk,,,,908,450,458,382
01106280001,3,Dys,Rk򐼂P,,,,109,68,41,79
01106280002,3,Dys,Rk򐼂Q,,,,202,90,112,128
01106280003,3,Dys,Rk򐼂R,,,,474,223,251,92
01106280004,3,Dys,Rk򐼂S,,,,123,69,54,83
011062900,2,Dys,Rk,,,,133,62,71,69
011063001,2,Dys,쉈,,,,2240,1024,1216,932
01106300101,3,Dys,쉈P,,,,7,4,3,3
01106300102,3,Dys,쉈Q,,,,759,326,433,319
01106300103,3,Dys,쉈R,,,,366,169,197,157
01106300104,3,Dys,쉈S,,,,401,194,207,173
01106300105,3,Dys,쉈T,,,,181,82,99,70
01106300106,3,Dys,쉈U,,,,526,249,277,210
011063002,2,Dys,쉈,,,,1078,499,579,428
01106300201,3,Dys,쉈P,,,,55,21,34,16
01106300202,3,Dys,쉈Q,,,,118,56,62,28
01106300203,3,Dys,쉈R,,,,365,158,207,173
01106300204,3,Dys,쉈S,,,,236,111,125,93
01106300205,3,Dys,쉈T,,,,132,69,63,50
01106300206,3,Dys,쉈U,,,,172,84,88,68
011063003,2,Dys,쉈O,,,,1663,748,915,690
01106300301,3,Dys,쉈OP,,,,-,-,-,-
01106300302,3,Dys,쉈OQ,,,,517,228,289,215
01106300303,3,Dys,쉈OR,,,,437,195,242,177
01106300304,3,Dys,쉈OS,,,,367,153,214,149
01106300305,3,Dys,쉈OT,,,,342,172,170,149
011063004,2,Dys,쉈l,,,,1218,554,664,540
01106300401,3,Dys,쉈lP,,,,-,-,-,-
01106300402,3,Dys,쉈lQ,,,,46,22,24,16
01106300403,3,Dys,쉈lR,,,,531,242,289,244
01106300404,3,Dys,쉈lS,,,,471,212,259,207
01106300405,3,Dys,쉈lT,,,,170,78,92,73
011063005,2,Dys,쉈܏,,,,1289,585,704,627
01106300501,3,Dys,쉈܏P,,,,-,-,-,-
01106300502,3,Dys,쉈܏Q,,,,741,342,399,380
01106300503,3,Dys,쉈܏R,,,,267,128,139,126
01106300504,3,Dys,쉈܏S,,,,281,115,166,121
011063006,2,Dys,쉈Z,,,,1091,515,576,488
01106300602,3,Dys,쉈ZQ,,,,296,138,158,120
01106300603,3,Dys,쉈ZR,,,,414,198,216,212
01106300604,3,Dys,쉈ZS,,,,381,179,202,156
011063007,2,Dys,쉈,,,,716,383,333,357
01106300702,3,Dys,쉈Q,,,,94,43,51,44
01106300703,3,Dys,쉈R,,,,185,118,67,110
01106300704,3,Dys,쉈S,,,,437,222,215,203
011063008,2,Dys,쉈,,,,607,291,316,241
01106300801,3,Dys,쉈P,,,,3,2,1,1
01106300802,3,Dys,쉈Q,,,,223,99,124,85
01106300803,3,Dys,쉈R,,,,286,141,145,121
01106300804,3,Dys,쉈S,,,,95,49,46,34
011063009,2,Dys,쉈,,,,763,352,411,333
01106300901,3,Dys,쉈P,,,,3,2,1,1
01106300902,3,Dys,쉈Q,,,,246,113,133,110
01106300903,3,Dys,쉈R,,,,295,133,162,119
01106300904,3,Dys,쉈S,,,,219,104,115,103
011063010,2,Dys,쉈\,,,,1081,504,577,434
01106301001,3,Dys,쉈\P,,,,265,130,135,70
01106301002,3,Dys,쉈\Q,,,,371,168,203,172
01106301003,3,Dys,쉈\R,,,,445,206,239,192
011063011,2,Dys,쉈\,,,,665,295,370,289
01106301101,3,Dys,쉈\P,,,,308,137,171,111
01106301102,3,Dys,쉈\Q,,,,209,92,117,114
01106301103,3,Dys,쉈\R,,,,148,66,82,64
011063012,2,Dys,쉈\,,,,1551,717,834,673
01106301201,3,Dys,쉈\P,,,,324,149,175,133
01106301202,3,Dys,쉈\Q,,,,280,122,158,128
01106301203,3,Dys,쉈\R,,,,298,138,160,139
01106301204,3,Dys,쉈\S,,,,404,187,217,169
01106301205,3,Dys,쉈\T,,,,245,121,124,104
011063013,2,Dys,쉈\O,,,,1406,505,901,307
01106301301,3,Dys,쉈\OP,,,,224,103,121,108
01106301302,3,Dys,쉈\OQ,,,,1015,321,694,132
01106301303,3,Dys,쉈\OR,,,,167,81,86,67
011063014,2,Dys,쉈\l,,,,381,182,199,167
01106301401,3,Dys,쉈\lP,,,,119,61,58,54
01106301402,3,Dys,쉈\lQ,,,,262,121,141,113
011063015,2,Dys,쉈\܏,,,,877,399,478,391
01106301501,3,Dys,쉈\܏P,,,,-,-,-,-
01106301502,3,Dys,쉈\܏Q,,,,877,399,478,391
011063016,2,Dys,쉈\Z,,,,627,299,328,278
01106301601,3,Dys,쉈\ZP,,,,284,145,139,118
01106301602,3,Dys,쉈\ZQ,,,,343,154,189,160
011063017,2,Dys,쉈\,,,,835,397,438,354
01106301701,3,Dys,쉈\P,,,,686,323,363,282
01106301702,3,Dys,쉈\Q,,,,149,74,75,72
011063018,2,Dys,쉈\,,,,217,97,120,89
01106301801,3,Dys,쉈\P,,,,32,14,18,13
01106301802,3,Dys,쉈\Q,,,,185,83,102,76
011063101,2,Dys,,,,,2331,1087,1244,1325
01106310101,3,Dys,P,,,,615,276,339,333
01106310102,3,Dys,Q,,,,675,310,365,405
01106310103,3,Dys,R,,,,535,267,268,342
01106310104,3,Dys,S,,,,506,234,272,245
011063102,2,Dys,,,,,3707,1666,2041,1966
01106310201,3,Dys,P,,,,287,143,144,126
01106310202,3,Dys,Q,,,,1033,445,588,540
01106310203,3,Dys,R,,,,657,298,359,381
01106310204,3,Dys,S,,,,1159,535,624,634
01106310205,3,Dys,T,,,,571,245,326,285
011063103,2,Dys,O,,,,3516,1562,1954,2073
01106310301,3,Dys,OP,,,,1136,484,652,689
01106310302,3,Dys,OQ,,,,451,201,250,275
01106310303,3,Dys,OR,,,,475,211,264,283
01106310304,3,Dys,OS,,,,529,242,287,254
01106310305,3,Dys,OT,,,,488,229,259,301
01106310306,3,Dys,OU,,,,437,195,242,271
011063104,2,Dys,l,,,,7737,3427,4310,4185
01106310401,3,Dys,lP,,,,1147,487,660,634
01106310402,3,Dys,lQ,,,,1188,519,669,752
01106310403,3,Dys,lR,,,,746,317,429,461
01106310404,3,Dys,lS,,,,802,374,428,428
01106310405,3,Dys,lT,,,,587,253,334,251
01106310406,3,Dys,lU,,,,686,303,383,365
01106310407,3,Dys,lV,,,,817,361,456,496
01106310408,3,Dys,lW,,,,554,247,307,282
01106310409,3,Dys,lX,,,,743,344,399,320
01106310410,3,Dys,lPO,,,,105,51,54,44
01106310411,3,Dys,lPP,,,,216,100,116,88
01106310412,3,Dys,lPQ,,,,146,71,75,64
011063105,2,Dys,܏,,,,6125,2912,3213,2879
01106310503,3,Dys,܏R,,,,1502,711,791,831
01106310504,3,Dys,܏S,,,,299,162,137,177
01106310505,3,Dys,܏T,,,,599,275,324,265
01106310506,3,Dys,܏U,,,,674,321,353,283
01106310507,3,Dys,܏V,,,,174,88,86,79
01106310508,3,Dys,܏W,,,,297,139,158,120
01106310509,3,Dys,܏X,,,,329,160,169,130
01106310510,3,Dys,܏PO,,,,255,115,140,128
01106310511,3,Dys,܏PP,,,,731,355,376,314
01106310512,3,Dys,܏PQ,,,,660,308,352,291
01106310513,3,Dys,܏PR,,,,605,278,327,261
011063106,2,Dys,Z,,,,5551,2640,2911,2378
01106310603,3,Dys,ZR,,,,1276,612,664,571
01106310604,3,Dys,ZS,,,,699,336,363,323
01106310605,3,Dys,ZT,,,,158,87,71,82
01106310606,3,Dys,ZU,,,,376,187,189,152
01106310607,3,Dys,ZV,,,,208,90,118,81
01106310608,3,Dys,ZW,,,,273,123,150,113
01106310609,3,Dys,ZX,,,,588,274,314,264
01106310610,3,Dys,ZPO,,,,276,130,146,109
01106310611,3,Dys,ZPP,,,,807,376,431,336
01106310612,3,Dys,ZPQ,,,,499,240,259,192
01106310613,3,Dys,ZPR,,,,391,185,206,155
011063200,2,Dys,^u,,,,3890,1745,2145,1632
01106320001,3,Dys,^uP,,,,415,170,245,171
01106320002,3,Dys,^uQ,,,,326,145,181,130
01106320003,3,Dys,^uR,,,,89,44,45,45
01106320004,3,Dys,^uS,,,,267,125,142,98
01106320005,3,Dys,^uT,,,,464,213,251,181
01106320006,3,Dys,^uU,,,,423,181,242,216
01106320007,3,Dys,^uV,,,,272,123,149,108
01106320008,3,Dys,^uW,,,,348,160,188,142
01106320009,3,Dys,^uX,,,,168,77,91,66
01106320010,3,Dys,^uPO,,,,955,439,516,397
01106320011,3,Dys,^uPP,,,,163,68,95,78
01106320012,3,Dys,^uPQ,,,,-,-,-,-
011063300,2,Dys,≺,,,,532,266,266,226
01106330001,3,Dys,≺P,,,,101,52,49,43
01106330002,3,Dys,≺Q,,,,95,49,46,48
01106330003,3,Dys,≺R,,,,150,71,79,64
01106330004,3,Dys,≺S,,,,147,74,73,54
01106330005,3,Dys,≺T,,,,39,20,19,17
011063400,2,Dys,km,,,,3789,1757,2032,1564
01106340001,3,Dys,kmP,,,,641,299,342,253
01106340002,3,Dys,kmQ,,,,361,172,189,146
01106340003,3,Dys,kmR,,,,522,246,276,210
01106340004,3,Dys,kmS,,,,358,165,193,146
01106340005,3,Dys,kmT,,,,376,173,203,158
01106340006,3,Dys,kmU,,,,475,216,259,209
01106340007,3,Dys,kmV,,,,155,72,83,62
01106340008,3,Dys,kmW,,,,435,198,237,195
01106340009,3,Dys,kmX,,,,466,216,250,185
011063501,2,Dys,,,,,850,415,435,344
01106350101,3,Dys,P,,,,189,91,98,71
01106350102,3,Dys,Q,,,,104,51,53,47
01106350103,3,Dys,R,,,,557,273,284,226
011063502,2,Dys,,,,,2215,1043,1172,833
01106350201,3,Dys,P,,,,738,359,379,250
01106350202,3,Dys,Q,,,,596,277,319,227
01106350203,3,Dys,R,,,,499,227,272,203
01106350204,3,Dys,S,,,,382,180,202,153
011063503,2,Dys,O,,,,2091,993,1098,806
01106350301,3,Dys,OP,,,,515,247,268,193
01106350302,3,Dys,OQ,,,,820,405,415,290
01106350303,3,Dys,OR,,,,438,189,249,176
01106350304,3,Dys,OS,,,,318,152,166,147
011063504,2,Dys,l,,,,2006,929,1077,848
01106350401,3,Dys,lP,,,,333,144,189,156
01106350402,3,Dys,lQ,,,,516,246,270,199
01106350403,3,Dys,lR,,,,475,206,269,214
01106350404,3,Dys,lS,,,,682,333,349,279
011063505,2,Dys,܏,,,,1632,788,844,714
01106350501,3,Dys,܏P,,,,17,10,7,16
01106350502,3,Dys,܏Q,,,,555,273,282,252
01106350503,3,Dys,܏R,,,,495,241,254,233
01106350504,3,Dys,܏S,,,,565,264,301,213
011063506,2,Dys,Z,,,,1529,735,794,591
01106350602,3,Dys,ZQ,,,,504,248,256,204
01106350603,3,Dys,ZR,,,,413,199,214,163
01106350604,3,Dys,ZS,,,,612,288,324,224
011063601,2,Dys,ΎR,,,,4831,2200,2631,1964
01106360101,3,Dys,ΎRP,,,,600,284,316,247
01106360102,3,Dys,ΎRQ,,,,1244,584,660,491
01106360103,3,Dys,ΎRR,,,,305,118,187,96
01106360104,3,Dys,ΎRS,,,,197,86,111,93
01106360105,3,Dys,ΎRT,,,,254,117,137,101
01106360106,3,Dys,ΎRU,,,,384,168,216,159
01106360107,3,Dys,ΎRV,,,,1013,460,553,428
01106360108,3,Dys,ΎRW,,,,582,267,315,246
01106360109,3,Dys,ΎRX,,,,252,116,136,103
011063602,2,Dys,ΎR,,,,3641,1660,1981,1470
01106360202,3,Dys,ΎRQ,,,,500,228,272,206
01106360203,3,Dys,ΎRR,,,,636,283,353,253
01106360204,3,Dys,ΎRS,,,,156,68,88,55
01106360205,3,Dys,ΎRT,,,,341,156,185,151
01106360206,3,Dys,ΎRU,,,,735,338,397,303
01106360207,3,Dys,ΎRV,,,,614,288,326,247
01106360208,3,Dys,ΎRW,,,,375,168,207,135
01106360209,3,Dys,ΎRX,,,,284,131,153,120
011063603,2,Dys,ΎRO,,,,1745,816,929,677
01106360305,3,Dys,ΎROT,,,,535,249,286,211
01106360306,3,Dys,ΎROU,,,,569,271,298,213
01106360307,3,Dys,ΎROV,,,,256,110,146,96
01106360308,3,Dys,ΎROW,,,,385,186,199,157
011063604,2,Dys,ΎRl,,,,276,135,141,97
011063700,2,Dys,ΎR,,,,2944,1371,1573,1213
01106370001,3,Dys,ΎRP,,,,77,34,43,33
01106370002,3,Dys,ΎRQ,,,,402,192,210,162
01106370003,3,Dys,ΎRR,,,,746,371,375,291
01106370004,3,Dys,ΎRS,,,,492,226,266,194
01106370005,3,Dys,ΎRT,,,,399,186,213,162
01106370006,3,Dys,ΎRU,,,,318,149,169,125
01106370007,3,Dys,ΎRV,,,,510,213,297,246
011063800,2,Dys,^,,,,472,214,258,219
01106380001,3,Dys,^P,,,,426,192,234,210
01106380002,3,Dys,^Q,,,,22,12,10,1
01106380003,3,Dys,^R,,,,24,10,14,8
011063901,2,Dys,,,,,2773,1275,1498,1067
01106390105,3,Dys,T,,,,395,181,214,157
01106390106,3,Dys,U,,,,439,203,236,178
01106390107,3,Dys,V,,,,678,308,370,254
01106390108,3,Dys,W,,,,645,306,339,249
01106390109,3,Dys,X,,,,210,95,115,93
01106390110,3,Dys,PO,,,,406,182,224,136
011063902,2,Dys,,,,,3898,1823,2075,1550
01106390201,3,Dys,P,,,,258,117,141,115
01106390202,3,Dys,Q,,,,29,14,15,14
01106390203,3,Dys,R,,,,12,5,7,3
01106390204,3,Dys,S,,,,103,49,54,39
01106390205,3,Dys,T,,,,237,111,126,104
01106390206,3,Dys,U,,,,474,215,259,201
01106390207,3,Dys,V,,,,206,99,107,84
01106390208,3,Dys,W,,,,601,281,320,242
01106390209,3,Dys,X,,,,580,262,318,238
01106390210,3,Dys,PO,,,,283,140,143,100
01106390211,3,Dys,PP,,,,371,165,206,125
01106390212,3,Dys,PQ,,,,519,249,270,198
01106390213,3,Dys,PR,,,,225,116,109,87
011063903,2,Dys,O,,,,2962,1309,1653,1141
01106390301,3,Dys,OP,,,,78,36,42,31
01106390302,3,Dys,OQ,,,,152,68,84,70
01106390303,3,Dys,OR,,,,121,52,69,60
01106390304,3,Dys,OS,,,,696,318,378,217
01106390305,3,Dys,OT,,,,159,69,90,60
01106390306,3,Dys,OU,,,,145,62,83,60
01106390307,3,Dys,OV,,,,373,169,204,166
01106390308,3,Dys,OW,,,,207,88,119,101
01106390309,3,Dys,OX,,,,253,109,144,116
01106390310,3,Dys,OPO,,,,116,47,69,40
01106390311,3,Dys,OPP,,,,662,291,371,220
011063904,2,Dys,l,,,,4839,2228,2611,1833
01106390401,3,Dys,lP,,,,91,45,46,45
01106390402,3,Dys,lQ,,,,385,160,225,167
01106390403,3,Dys,lR,,,,290,145,145,115
01106390404,3,Dys,lS,,,,542,252,290,170
01106390405,3,Dys,lT,,,,1194,523,671,463
01106390406,3,Dys,lU,,,,811,396,415,285
01106390407,3,Dys,lV,,,,297,136,161,115
01106390408,3,Dys,lW,,,,214,95,119,93
01106390409,3,Dys,lX,,,,228,102,126,105
01106390410,3,Dys,lPO,,,,435,201,234,149
01106390411,3,Dys,lPP,,,,352,173,179,126
011063905,2,Dys,܏,,,,3095,1459,1636,1148
01106390501,3,Dys,܏P,,,,155,79,76,65
01106390502,3,Dys,܏Q,,,,310,147,163,124
01106390503,3,Dys,܏R,,,,172,82,90,67
01106390504,3,Dys,܏S,,,,376,182,194,131
01106390505,3,Dys,܏T,,,,1071,501,570,366
01106390506,3,Dys,܏U,,,,312,145,167,108
01106390507,3,Dys,܏V,,,,230,101,129,84
01106390508,3,Dys,܏W,,,,257,124,133,104
01106390509,3,Dys,܏X,,,,212,98,114,99
01106390510,3,Dys,܏PO,,,,-,-,-,-
011063906,2,Dys,Z,,,,1478,712,766,529
01106390601,3,Dys,ZP,,,,6,2,4,3
01106390602,3,Dys,ZQ,,,,91,54,37,2
01106390603,3,Dys,ZR,,,,-,-,-,-
01106390604,3,Dys,ZS,,,,894,423,471,328
01106390606,3,Dys,ZU,,,,258,124,134,102
01106390609,3,Dys,ZX,,,,229,109,120,94
011064000,2,Dys,^,,,,-,-,-,-
011064101,2,Dys,Ո,,,,964,449,515,387
01106410101,3,Dys,ՈP,,,,211,102,109,89
01106410102,3,Dys,ՈQ,,,,753,347,406,298
011064102,2,Dys,Փ,,,,947,461,486,372
01106410201,3,Dys,ՓP,,,,342,165,177,130
01106410202,3,Dys,ՓQ,,,,605,296,309,242
01106410203,3,Dys,ՓR,,,,-,-,-,-
011064103,2,Dys,ՎO,,,,826,400,426,252
01106410301,3,Dys,ՎOP,,,,424,203,221,101
01106410302,3,Dys,ՎOQ,,,,402,197,205,151
011064104,2,Dys,Վl,,,,489,238,251,171
01106410401,3,Dys,ՎlP,,,,-,-,-,-
01106410402,3,Dys,ՎlQ,,,,489,238,251,171
011064105,2,Dys,Ռ܏,,,,401,181,220,143
01106410501,3,Dys,Ռ܏P,,,,8,4,4,2
01106410502,3,Dys,Ռ܏Q,,,,393,177,216,141
011064106,2,Dys,՘Z,,,,87,41,46,37
01106410601,3,Dys,՘ZP,,,,27,12,15,12
01106410602,3,Dys,՘ZQ,,,,60,29,31,25
011064200,2,Dys,|p̐X,,,,-,-,-,-
01106420001,3,Dys,|p̐XP,,,,-,-,-,-
01106420002,3,Dys,|p̐XQ,,,,-,-,-,-
01106420003,3,Dys,|p̐XR,,,,-,-,-,-
011064300,2,Dys,m,,,,3303,1564,1739,1250
01106430001,3,Dys,mP,,,,840,375,465,350
01106430002,3,Dys,mQ,,,,151,71,80,49
01106430003,3,Dys,mR,,,,1146,551,595,421
01106430004,3,Dys,mS,,,,294,134,160,107
01106430005,3,Dys,mT,,,,365,183,182,134
01106430006,3,Dys,mU,,,,227,107,120,76
01106430007,3,Dys,mV,,,,280,143,137,113
011064401,2,Dys,,,,,308,136,172,124
01106440101,3,Dys,P,,,,19,9,10,7
01106440102,3,Dys,Q,,,,31,13,18,19
01106440104,3,Dys,S,,,,97,44,53,37
01106440105,3,Dys,T,,,,161,70,91,61
011064402,2,Dys,,,,,692,343,349,269
01106440201,3,Dys,P,,,,414,199,215,158
01106440202,3,Dys,Q,,,,92,53,39,33
01106440203,3,Dys,R,,,,19,12,7,9
01106440204,3,Dys,S,,,,121,55,66,52
01106440205,3,Dys,T,,,,46,24,22,17
011064403,2,Dys,O,,,,1141,524,617,401
01106440301,3,Dys,OP,,,,162,74,88,53
01106440302,3,Dys,OQ,,,,280,123,157,104
01106440303,3,Dys,OR,,,,150,66,84,66
01106440305,3,Dys,OT,,,,222,99,123,73
01106440306,3,Dys,OU,,,,327,162,165,105
011064404,2,Dys,l,,,,960,465,495,356
01106440401,3,Dys,lP,,,,196,98,98,81
01106440402,3,Dys,lQ,,,,128,69,59,49
01106440403,3,Dys,lR,,,,197,95,102,91
01106440406,3,Dys,lU,,,,439,203,236,135
011064405,2,Dys,܏,,,,722,343,379,256
01106440501,3,Dys,܏P,,,,446,210,236,151
01106440502,3,Dys,܏Q,,,,276,133,143,105
011064406,2,Dys,Z,,,,401,195,206,129
01106440601,3,Dys,ZP,,,,192,96,96,61
01106440602,3,Dys,ZQ,,,,209,99,110,68
011066930,2,Dys,O\,,,,219,102,117,90
011066931,2,Dys,O\,,,,207,98,109,95
01106693108,3,Dys,O\𐼂W,,,,110,57,53,42
01106693109,3,Dys,O\𐼂X,,,,16,7,9,8
01106693110,3,Dys,O\𐼂PO,,,,81,34,47,45
01106693111,3,Dys,O\𐼂PP,,,,-,-,-,-
011066932,2,Dys,O\,,,,852,417,435,408
01106693208,3,Dys,O\𐼂W,,,,110,48,62,49
01106693209,3,Dys,O\𐼂X,,,,342,167,175,181
01106693210,3,Dys,O\𐼂PO,,,,123,67,56,66
01106693211,3,Dys,O\𐼂PP,,,,277,135,142,112
011066933,2,Dys,O\O,,,,822,388,434,380
01106693308,3,Dys,O\O𐼂W,,,,265,124,141,120
01106693309,3,Dys,O\O𐼂X,,,,183,86,97,96
01106693310,3,Dys,O\O𐼂PO,,,,217,105,112,97
01106693311,3,Dys,O\O𐼂PP,,,,157,73,84,67
011066934,2,Dys,O\l,,,,1004,488,516,458
01106693408,3,Dys,O\l𐼂W,,,,132,69,63,67
01106693409,3,Dys,O\l𐼂X,,,,235,97,138,116
01106693410,3,Dys,O\l𐼂PO,,,,581,299,282,252
01106693411,3,Dys,O\l𐼂PP,,,,56,23,33,23
011066935,2,Dys,O\܏,,,,719,334,385,336
01106693509,3,Dys,O\܏𐼂X,,,,143,66,77,71
01106693510,3,Dys,O\܏𐼂PO,,,,541,252,289,251
01106693511,3,Dys,O\܏𐼂PP,,,,35,16,19,14
011066936,2,Dys,O\Z,,,,175,82,93,108
01106693610,3,Dys,O\Z𐼂PO,,,,150,71,79,94
01106693611,3,Dys,O\Z𐼂PP,,,,25,11,14,14
011066937,2,Dys,O\,,,,440,199,241,183
01106693710,3,Dys,O\𐼂PO,,,,91,43,48,34
01106693711,3,Dys,O\𐼂PP,,,,349,156,193,149
011066938,2,Dys,O\,,,,219,99,120,93
01106693810,3,Dys,O\𐼂PO,,,,45,19,26,23
01106693811,3,Dys,O\𐼂PP,,,,174,80,94,70
011066939,2,Dys,O\,,,,95,44,51,41
01106693910,3,Dys,O\𐼂PO,,,,11,6,5,5
01106693911,3,Dys,O\𐼂PP,,,,84,38,46,36
