KEY_CODE,HYOSYO,CITYNAME,NAME,HTKSYORI,HTKSAKI,GASSAN,T000572001,T000572002,T000572003,T000572004
,,,,,,,l,j,,ё
01230,1,oʎs,,,,,51526,24514,27012,21717
012300010,2,oʎs,JX,,,,58,20,38,36
012300020,2,oʎs,oʒ,,,,35,18,17,15
012300030,2,oʎs,oʉ,,,,911,405,506,606
012300040,2,oʎs,oʒ,,,,1128,510,618,240
012300050,2,oʎs,oʖ{,,,,1224,566,658,555
01230005001,3,oʎs,oʖ{P,,,,293,134,159,150
01230005002,3,oʎs,oʖ{Q,,,,722,327,395,294
01230005003,3,oʎs,oʖ{R,,,,209,105,104,111
012300060,2,oʎs,oʍ`,,,,-,-,-,-
01230006001,3,oʎs,oʍ`P,,,,-,-,-,-
01230006002,3,oʎs,oʍ`Q,,,,-,-,-,-
012300070,2,oʎs,oʓ,,,,2740,1246,1494,1306
01230007001,3,oʎs,oʓP,,,,175,72,103,92
01230007002,3,oʎs,oʓQ,,,,508,240,268,236
01230007003,3,oʎs,oʓR,,,,280,125,155,132
01230007004,3,oʎs,oʓS,,,,898,404,494,449
01230007005,3,oʎs,oʓT,,,,879,405,474,397
012300080,2,oʎs,xY,,,,320,151,169,136
01230008000,3,oʎs,xY,,,,20,11,9,6
01230008001,3,oʎs,xYP,,,,273,129,144,118
01230008002,3,oʎs,xYQ,,,,15,4,11,8
01230008003,3,oʎs,xYR,,,,-,-,-,-
01230008004,3,oʎs,xYS,,,,7,5,2,3
01230008005,3,oʎs,xYT,,,,5,2,3,1
012300090,2,oʎs,D,,,,83,38,45,30
012300100,2,oʎs,Vh,,,,60,26,34,24
012300110,2,oʎs,K,,,,245,118,127,104
01230011001,3,oʎs,KP,,,,2,1,1,1
01230011002,3,oʎs,KQ,,,,5,3,2,2
01230011003,3,oʎs,KR,,,,57,25,32,21
01230011004,3,oʎs,KS,,,,2,1,1,1
01230011005,3,oʎs,KT,,,,175,86,89,77
01230011006,3,oʎs,KU,,,,4,2,2,2
012300120,2,oʎs,Β,,,,2165,1113,1052,781
01230012000,3,oʎs,Β,,,,54,28,26,29
01230012001,3,oʎs,ΒP,,,,271,120,151,109
01230012002,3,oʎs,ΒQ,,,,190,45,145,36
01230012003,3,oʎs,ΒR,,,,343,165,178,140
01230012004,3,oʎs,ΒS,,,,590,287,303,231
01230012005,3,oʎs,ΒT,,,,278,254,24,41
01230012006,3,oʎs,ΒU,,,,439,214,225,195
012300130,2,oʎs,yʒ,,,,2171,1020,1151,976
01230013001,3,oʎs,yʒP,,,,99,51,48,42
01230013002,3,oʎs,yʒQ,,,,67,30,37,30
01230013003,3,oʎs,yʒR,,,,231,112,119,119
01230013004,3,oʎs,yʒS,,,,246,118,128,109
01230013005,3,oʎs,yʒT,,,,198,94,104,93
01230013006,3,oʎs,yʒU,,,,293,140,153,122
01230013007,3,oʎs,yʒV,,,,248,122,126,94
01230013008,3,oʎs,yʒW,,,,789,353,436,367
012300140,2,oʎs,,,,,1738,798,940,792
01230014001,3,oʎs,P,,,,365,171,194,177
01230014002,3,oʎs,Q,,,,230,112,118,112
01230014003,3,oʎs,R,,,,339,148,191,133
01230014004,3,oʎs,S,,,,72,31,41,29
01230014005,3,oʎs,T,,,,183,80,103,89
01230014006,3,oʎs,U,,,,254,119,135,121
01230014007,3,oʎs,V,,,,295,137,158,131
012300150,2,oʎs,n,,,,23,13,10,9
012300160,2,oʎs,Ւ,,,,2379,1098,1281,938
01230016001,3,oʎs,ՒP,,,,309,136,173,148
01230016002,3,oʎs,ՒQ,,,,241,109,132,89
01230016003,3,oʎs,ՒR,,,,775,361,414,310
01230016004,3,oʎs,ՒS,,,,529,252,277,200
01230016005,3,oʎs,ՒT,,,,516,235,281,186
01230016006,3,oʎs,ՒU,,,,9,5,4,5
012300170,2,oʎs,xm,,,,2422,1107,1315,1117
01230017001,3,oʎs,xmP,,,,295,147,148,139
01230017002,3,oʎs,xmQ,,,,162,77,85,73
01230017003,3,oʎs,xmR,,,,324,149,175,136
01230017004,3,oʎs,xmS,,,,386,173,213,186
01230017005,3,oʎs,xmT,,,,505,225,280,236
01230017006,3,oʎs,xmU,,,,403,188,215,189
01230017007,3,oʎs,xmV,,,,347,148,199,158
012300180,2,oʎs,ؒ,,,,2495,1163,1332,1005
01230018001,3,oʎs,ؒP,,,,887,410,477,380
01230018002,3,oʎs,ؒQ,,,,313,146,167,124
01230018003,3,oʎs,ؒR,,,,578,275,303,226
01230018004,3,oʎs,ؒS,,,,683,313,370,260
01230018005,3,oʎs,ؒT,,,,34,19,15,15
012300190,2,oʎs,V쒬,,,,2266,1129,1137,915
01230019001,3,oʎs,V쒬P,,,,28,13,15,14
01230019002,3,oʎs,V쒬Q,,,,495,229,266,229
01230019003,3,oʎs,V쒬R,,,,353,161,192,160
01230019004,3,oʎs,V쒬S,,,,1390,726,664,512
012300200,2,oʎs,Β,,,,869,475,394,318
01230020001,3,oʎs,ΒP,,,,218,103,115,99
01230020002,3,oʎs,ΒQ,,,,525,253,272,210
01230020003,3,oʎs,ΒR,,,,126,119,7,9
012300210,2,oʎs,ؒ,,,,2815,1368,1447,1073
01230021001,3,oʎs,ؒP,,,,289,145,144,130
01230021002,3,oʎs,ؒQ,,,,662,324,338,232
01230021003,3,oʎs,ؒR,,,,481,229,252,191
01230021004,3,oʎs,ؒS,,,,653,296,357,262
01230021005,3,oʎs,ؒT,,,,649,331,318,230
01230021006,3,oʎs,ؒU,,,,81,43,38,28
012300220,2,oʎs,㒬,,,,67,21,46,4
012300230,2,oʎs,zR,,,,25,17,8,10
012300240,2,oʎs,Бq,,,,1279,611,668,528
01230024001,3,oʎs,БqP,,,,108,52,56,52
01230024002,3,oʎs,БqQ,,,,184,81,103,73
01230024003,3,oʎs,БqR,,,,285,132,153,116
01230024004,3,oʎs,БqS,,,,275,125,150,90
01230024005,3,oʎs,БqT,,,,285,144,141,151
01230024006,3,oʎs,БqU,,,,142,77,65,46
012300250,2,oʎs,t,,,,328,134,194,82
012300260,2,oʎs,a,,,,152,73,79,66
01230026001,3,oʎs,aP,,,,5,1,4,1
01230026002,3,oʎs,aQ,,,,147,72,75,65
012300270,2,oʎs,V,,,,4696,2264,2432,2025
01230027001,3,oʎs,VP,,,,1082,542,540,470
01230027002,3,oʎs,VQ,,,,986,472,514,426
01230027003,3,oʎs,VR,,,,830,380,450,390
01230027004,3,oʎs,VS,,,,967,474,493,388
01230027005,3,oʎs,VT,,,,705,338,367,303
01230027006,3,oʎs,VU,,,,126,58,68,48
012300280,2,oʎs,h,,,,1359,647,712,617
01230028001,3,oʎs,hP,,,,379,171,208,168
01230028002,3,oʎs,hQ,,,,233,111,122,112
01230028003,3,oʎs,hR,,,,346,167,179,143
01230028004,3,oʎs,hS,,,,401,198,203,194
012300290,2,oʎs,hʒ,,,,4401,2090,2311,1862
01230029001,3,oʎs,hʒP,,,,280,139,141,140
01230029002,3,oʎs,hʒQ,,,,971,450,521,350
01230029003,3,oʎs,hʒR,,,,820,393,427,381
01230029004,3,oʎs,hʒS,,,,1025,497,528,437
01230029005,3,oʎs,hʒT,,,,678,320,358,277
01230029006,3,oʎs,hʒU,,,,627,291,336,277
012300300,2,oʎs,ᑐ,,,,4869,2312,2557,2034
01230030001,3,oʎs,ᑐP,,,,420,192,228,170
01230030002,3,oʎs,ᑐQ,,,,1225,573,652,517
01230030003,3,oʎs,ᑐR,,,,977,455,522,409
01230030004,3,oʎs,ᑐS,,,,880,434,446,359
01230030005,3,oʎs,ᑐT,,,,593,282,311,270
01230030006,3,oʎs,ᑐU,,,,774,376,398,309
012300310,2,oʎs,,,,,3255,1576,1679,1541
01230031001,3,oʎs,P,,,,302,140,162,149
01230031002,3,oʎs,Q,,,,628,299,329,281
01230031003,3,oʎs,R,,,,662,324,338,292
01230031004,3,oʎs,S,,,,482,215,267,213
01230031005,3,oʎs,T,,,,603,299,304,312
01230031006,3,oʎs,U,,,,578,299,279,294
012300320,2,oʎs,hʒ,,,,186,98,88,88
012300330,2,oʎs,R,,,,2255,1087,1168,937
01230033001,3,oʎs,RP,,,,304,154,150,133
01230033002,3,oʎs,RQ,,,,674,304,370,274
01230033003,3,oʎs,RR,,,,534,261,273,214
01230033004,3,oʎs,RS,,,,743,368,375,316
012300340,2,oʎs,xݒ,,,,2507,1202,1305,947
01230034000,3,oʎs,xݒ,,,,28,13,15,13
01230034001,3,oʎs,xݒP,,,,257,109,148,69
01230034002,3,oʎs,xݒQ,,,,1685,816,869,680
01230034003,3,oʎs,xݒR,,,,537,264,273,185
