KEY_CODE,HYOSYO,CITYNAME,NAME,HTKSYORI,HTKSAKI,GASSAN,T000572001,T000572002,T000572003,T000572004
,,,,,,,l,j,,ё
01103,1,Dys,,,,,255873,122154,133719,118939
011030100,2,Dys,c䒬,,,,2114,1029,1085,910
01103010001,3,Dys,c䒬P,,,,-,-,-,-
01103010002,3,Dys,c䒬Q,,,,83,45,38,24
01103010003,3,Dys,c䒬R,,,,347,163,184,153
01103010004,3,Dys,c䒬S,,,,412,197,215,175
01103010005,3,Dys,c䒬T,,,,207,97,110,91
01103010006,3,Dys,c䒬U,,,,-,-,-,-
01103010007,3,Dys,c䒬V,,,,21,19,2,2
01103010008,3,Dys,c䒬W,,,,191,109,82,80
01103010009,3,Dys,c䒬X,,,,457,206,251,197
01103010010,3,Dys,c䒬PO,,,,144,67,77,56
01103010011,3,Dys,c䒬PP,,,,48,22,26,24
01103010012,3,Dys,c䒬PQ,,,,37,17,20,15
01103010013,3,Dys,c䒬PR,,,,66,33,33,29
01103010014,3,Dys,c䒬PS,,,,12,5,7,8
01103010015,3,Dys,c䒬PT,,,,2,1,1,1
01103010016,3,Dys,c䒬PU,,,,87,48,39,55
011030400,2,Dys,h,,,,210,157,53,20
011030500,2,Dys,u쒬,,,,1191,515,676,346
011030601,2,Dys,{,,,,2997,1455,1542,1368
01103060101,3,Dys,{P,,,,288,148,140,165
01103060102,3,Dys,{Q,,,,624,287,337,280
01103060103,3,Dys,{R,,,,490,244,246,209
01103060104,3,Dys,{S,,,,447,229,218,194
01103060105,3,Dys,{T,,,,325,153,172,153
01103060106,3,Dys,{U,,,,302,143,159,135
01103060107,3,Dys,{V,,,,109,45,64,53
01103060108,3,Dys,{W,,,,138,63,75,58
01103060109,3,Dys,{X,,,,244,123,121,103
01103060110,3,Dys,{PO,,,,20,14,6,14
01103060111,3,Dys,{PP,,,,10,6,4,4
011030602,2,Dys,{,,,,3882,1864,2018,1775
01103060201,3,Dys,{P,,,,396,183,213,176
01103060202,3,Dys,{Q,,,,723,359,364,342
01103060203,3,Dys,{R,,,,715,341,374,375
01103060204,3,Dys,{S,,,,410,203,207,195
01103060205,3,Dys,{T,,,,426,216,210,174
01103060206,3,Dys,{U,,,,264,111,153,112
01103060207,3,Dys,{V,,,,334,166,168,139
01103060208,3,Dys,{W,,,,199,97,102,85
01103060209,3,Dys,{X,,,,391,178,213,167
01103060210,3,Dys,{PO,,,,24,10,14,10
01103060211,3,Dys,{PP,,,,-,-,-,-
011030700,2,Dys,c䒬,,,,134,38,96,4
011030800,2,Dys,嗈,,,,396,212,184,146
011030900,2,Dys,,,,,696,342,354,241
011031001,2,Dys,È,,,,1020,464,556,423
01103100102,3,Dys,ÈQ,,,,266,116,150,102
01103100103,3,Dys,ÈR,,,,234,108,126,90
01103100104,3,Dys,ÈS,,,,288,129,159,137
01103100105,3,Dys,ÈT,,,,232,111,121,94
011031002,2,Dys,Ó,,,,1179,558,621,439
01103100203,3,Dys,ÓR,,,,325,145,180,131
01103100204,3,Dys,ÓS,,,,485,231,254,132
01103100205,3,Dys,ÓT,,,,369,182,187,176
011031003,2,Dys,ÎO,,,,1504,640,864,729
01103100302,3,Dys,ÎOQ,,,,391,177,214,157
01103100303,3,Dys,ÎOR,,,,525,207,318,268
01103100304,3,Dys,ÎOS,,,,435,188,247,255
01103100305,3,Dys,ÎOT,,,,153,68,85,49
011031004,2,Dys,Îl,,,,1079,543,536,488
01103100402,3,Dys,ÎlQ,,,,426,212,214,193
01103100403,3,Dys,ÎlR,,,,278,148,130,133
01103100404,3,Dys,ÎlS,,,,112,57,55,51
01103100405,3,Dys,ÎlT,,,,263,126,137,111
011031005,2,Dys,Ì܏,,,,835,404,431,347
01103100502,3,Dys,Ì܏Q,,,,359,164,195,143
01103100503,3,Dys,Ì܏R,,,,80,38,42,30
01103100504,3,Dys,Ì܏S,,,,113,63,50,67
01103100505,3,Dys,Ì܏T,,,,283,139,144,107
011031006,2,Dys,ØZ,,,,1051,497,554,480
01103100602,3,Dys,ØZQ,,,,330,149,181,143
01103100603,3,Dys,ØZR,,,,85,53,32,47
01103100604,3,Dys,ØZS,,,,152,81,71,61
01103100605,3,Dys,ØZT,,,,484,214,270,229
011031007,2,Dys,Î,,,,997,471,526,381
01103100702,3,Dys,ÎQ,,,,267,138,129,108
01103100703,3,Dys,ÎR,,,,284,115,169,87
01103100704,3,Dys,ÎS,,,,277,137,140,117
01103100705,3,Dys,ÎT,,,,169,81,88,69
011031008,2,Dys,Ô,,,,1829,922,907,781
01103100801,3,Dys,ÔP,,,,-,-,-,-
01103100802,3,Dys,ÔQ,,,,404,229,175,190
01103100803,3,Dys,ÔR,,,,545,273,272,244
01103100804,3,Dys,ÔS,,,,511,252,259,210
01103100805,3,Dys,ÔT,,,,369,168,201,137
011031009,2,Dys,Ë,,,,1205,583,622,501
01103100901,3,Dys,ËP,,,,282,140,142,113
01103100902,3,Dys,ËQ,,,,442,200,242,181
01103100903,3,Dys,ËR,,,,167,85,82,61
01103100904,3,Dys,ËS,,,,92,49,43,54
01103100905,3,Dys,ËT,,,,222,109,113,92
011031010,2,Dys,Ï\,,,,2113,1008,1105,896
01103101001,3,Dys,Ï\P,,,,630,295,335,286
01103101002,3,Dys,Ï\Q,,,,662,329,333,261
01103101003,3,Dys,Ï\R,,,,337,157,180,136
01103101004,3,Dys,Ï\S,,,,295,132,163,122
01103101005,3,Dys,Ï\T,,,,189,95,94,91
011031011,2,Dys,Ï\,,,,1147,550,597,511
01103101101,3,Dys,Ï\P,,,,93,39,54,30
01103101102,3,Dys,Ï\Q,,,,284,131,153,127
01103101103,3,Dys,Ï\R,,,,258,130,128,106
01103101104,3,Dys,Ï\S,,,,266,125,141,136
01103101105,3,Dys,Ï\T,,,,246,125,121,112
011031012,2,Dys,Ï\,,,,1693,816,877,626
01103101202,3,Dys,Ï\Q,,,,577,267,310,207
01103101203,3,Dys,Ï\R,,,,477,226,251,179
01103101204,3,Dys,Ï\S,,,,307,151,156,123
01103101205,3,Dys,Ï\T,,,,332,172,160,117
011031013,2,Dys,Ï\O,,,,1447,685,762,521
01103101303,3,Dys,Ï\OR,,,,655,302,353,230
01103101304,3,Dys,Ï\OS,,,,400,194,206,148
01103101305,3,Dys,Ï\OT,,,,392,189,203,143
011031014,2,Dys,Ï\l,,,,1551,727,824,567
01103101403,3,Dys,Ï\lR,,,,870,393,477,335
01103101404,3,Dys,Ï\lS,,,,347,166,181,119
01103101405,3,Dys,Ï\lT,,,,334,168,166,113
011031101,2,Dys,c,,,,2318,1034,1284,889
01103110101,3,Dys,cP,,,,50,23,27,23
01103110102,3,Dys,cQ,,,,1727,780,947,713
01103110103,3,Dys,cR,,,,541,231,310,153
011031102,2,Dys,c,,,,2905,2066,839,388
01103110201,3,Dys,cP,,,,2662,1957,705,286
01103110202,3,Dys,cQ,,,,153,65,88,64
01103110203,3,Dys,cR,,,,90,44,46,38
011031103,2,Dys,cO,,,,2333,1063,1270,912
01103110301,3,Dys,cOP,,,,1725,733,992,600
01103110302,3,Dys,cOQ,,,,544,294,250,284
01103110303,3,Dys,cOR,,,,64,36,28,28
011031104,2,Dys,cl,,,,1590,767,823,656
01103110401,3,Dys,clP,,,,1036,492,544,425
01103110402,3,Dys,clQ,,,,434,212,222,168
01103110403,3,Dys,clR,,,,120,63,57,63
011031105,2,Dys,c܏,,,,1468,734,734,599
01103110501,3,Dys,c܏P,,,,373,200,173,153
01103110502,3,Dys,c܏Q,,,,424,201,223,170
01103110503,3,Dys,c܏R,,,,671,333,338,276
011031106,2,Dys,cZ,,,,2344,1136,1208,955
01103110601,3,Dys,cZP,,,,986,488,498,408
01103110602,3,Dys,cZQ,,,,579,273,306,229
01103110603,3,Dys,cZR,,,,779,375,404,318
011031107,2,Dys,c䎵,,,,2097,922,1175,798
01103110701,3,Dys,c䎵P,,,,339,155,184,132
01103110702,3,Dys,c䎵Q,,,,975,413,562,367
01103110703,3,Dys,c䎵R,,,,783,354,429,299
011031108,2,Dys,c䔪,,,,2446,1144,1302,922
01103110801,3,Dys,c䔪P,,,,598,275,323,205
01103110802,3,Dys,c䔪Q,,,,926,430,496,361
01103110803,3,Dys,c䔪R,,,,922,439,483,356
011031109,2,Dys,c,,,,1980,957,1023,750
01103110901,3,Dys,cP,,,,566,282,284,185
01103110902,3,Dys,cQ,,,,841,403,438,335
01103110903,3,Dys,cR,,,,573,272,301,230
011031110,2,Dys,c\,,,,1704,815,889,656
01103111001,3,Dys,c\P,,,,100,48,52,34
01103111002,3,Dys,c\Q,,,,712,341,371,272
01103111003,3,Dys,c\R,,,,892,426,466,350
011031111,2,Dys,c\,,,,2330,1143,1187,824
01103111101,3,Dys,c\P,,,,710,345,365,232
01103111102,3,Dys,c\Q,,,,1056,514,542,388
01103111103,3,Dys,c\R,,,,564,284,280,204
011031112,2,Dys,c\,,,,2421,1183,1238,917
01103111201,3,Dys,c\P,,,,316,158,158,97
01103111202,3,Dys,c\Q,,,,726,361,365,294
01103111203,3,Dys,c\R,,,,1139,540,599,429
01103111204,3,Dys,c\S,,,,240,124,116,97
011031113,2,Dys,c\O,,,,2924,1433,1491,1038
01103111301,3,Dys,c\OP,,,,633,324,309,193
01103111302,3,Dys,c\OQ,,,,861,418,443,316
01103111303,3,Dys,c\OR,,,,977,464,513,372
01103111304,3,Dys,c\OS,,,,453,227,226,157
011031114,2,Dys,c\l,,,,3339,1634,1705,1163
01103111401,3,Dys,c\lP,,,,904,450,454,265
01103111402,3,Dys,c\lQ,,,,1115,542,573,384
01103111403,3,Dys,c\lR,,,,1052,509,543,409
01103111404,3,Dys,c\lS,,,,268,133,135,105
011031115,2,Dys,c\܏,,,,640,320,320,231
01103111501,3,Dys,c\܏P,,,,63,34,29,21
01103111502,3,Dys,c\܏Q,,,,229,111,118,66
01103111503,3,Dys,c\܏R,,,,326,167,159,134
01103111504,3,Dys,c\܏S,,,,22,8,14,10
011031201,2,Dys,ku,,,,20,9,11,10
01103120102,3,Dys,kuQ,,,,13,6,7,7
01103120103,3,Dys,kuR,,,,-,-,-,-
01103120104,3,Dys,kuS,,,,7,3,4,3
011031202,2,Dys,ku,,,,810,396,414,354
01103120201,3,Dys,kuP,,,,176,83,93,74
01103120202,3,Dys,kuQ,,,,550,266,284,233
01103120203,3,Dys,kuR,,,,-,-,-,-
01103120204,3,Dys,kuS,,,,84,47,37,47
011031203,2,Dys,kuO,,,,1277,627,650,519
01103120301,3,Dys,kuOP,,,,739,360,379,299
01103120302,3,Dys,kuOQ,,,,535,266,269,218
01103120303,3,Dys,kuOR,,,,3,1,2,2
01103120304,3,Dys,kuOS,,,,-,-,-,-
011031204,2,Dys,kul,,,,1409,690,719,535
01103120401,3,Dys,kulP,,,,599,298,301,215
01103120402,3,Dys,kulQ,,,,550,274,276,221
01103120403,3,Dys,kulR,,,,260,118,142,99
01103120404,3,Dys,kulS,,,,-,-,-,-
011031205,2,Dys,ku܏,,,,1002,482,520,369
01103120501,3,Dys,ku܏P,,,,151,69,82,56
01103120502,3,Dys,ku܏Q,,,,388,192,196,135
01103120503,3,Dys,ku܏R,,,,463,221,242,178
01103120504,3,Dys,ku܏S,,,,-,-,-,-
011031206,2,Dys,kuZ,,,,3,1,2,1
011031301,2,Dys,嗈,,,,-,-,-,-
011031302,2,Dys,嗈,,,,20,11,9,8
011031303,2,Dys,嗈O,,,,50,25,25,22
011031304,2,Dys,嗈l,,,,20,8,12,6
011031305,2,Dys,嗈܏,,,,11,7,4,5
011031306,2,Dys,嗈Z,,,,72,30,42,26
01103130601,3,Dys,嗈ZP,,,,72,30,42,26
01103130602,3,Dys,嗈ZQ,,,,-,-,-,-
01103130603,3,Dys,嗈ZR,,,,-,-,-,-
011031307,2,Dys,嗈,,,,530,255,275,204
01103130701,3,Dys,嗈P,,,,469,230,239,180
01103130702,3,Dys,嗈Q,,,,56,23,33,23
01103130703,3,Dys,嗈R,,,,5,2,3,1
011031308,2,Dys,嗈,,,,1024,505,519,408
01103130801,3,Dys,嗈P,,,,748,371,377,289
01103130802,3,Dys,嗈Q,,,,164,85,79,75
01103130803,3,Dys,嗈R,,,,-,-,-,-
01103130804,3,Dys,嗈S,,,,112,49,63,44
011031309,2,Dys,嗈,,,,906,445,461,353
01103130901,3,Dys,嗈P,,,,414,205,209,160
01103130902,3,Dys,嗈Q,,,,349,173,176,134
01103130903,3,Dys,嗈R,,,,-,-,-,-
01103130904,3,Dys,嗈S,,,,143,67,76,59
011031310,2,Dys,嗈\,,,,941,458,483,300
01103131001,3,Dys,嗈\P,,,,215,101,114,61
01103131002,3,Dys,嗈\Q,,,,485,235,250,152
01103131003,3,Dys,嗈\R,,,,-,-,-,-
01103131004,3,Dys,嗈\S,,,,241,122,119,87
011031311,2,Dys,嗈\,,,,438,209,229,127
01103131101,3,Dys,嗈\P,,,,129,69,60,38
01103131102,3,Dys,嗈\Q,,,,156,79,77,52
01103131103,3,Dys,嗈\R,,,,-,-,-,-
01103131104,3,Dys,嗈\S,,,,153,61,92,37
011031312,2,Dys,嗈\,,,,44,32,12,5
01103131202,3,Dys,嗈\Q,,,,13,8,5,4
01103131203,3,Dys,嗈\R,,,,-,-,-,-
01103131204,3,Dys,嗈\S,,,,31,24,7,1
011031313,2,Dys,嗈\O,,,,101,47,54,33
01103131302,3,Dys,嗈\OQ,,,,101,47,54,33
01103131303,3,Dys,嗈\OR,,,,-,-,-,-
01103131304,3,Dys,嗈\OS,,,,-,-,-,-
011031314,2,Dys,嗈\l,,,,84,43,41,46
01103131402,3,Dys,嗈\lQ,,,,84,43,41,46
01103131403,3,Dys,嗈\lR,,,,-,-,-,-
01103131404,3,Dys,嗈\lS,,,,-,-,-,-
011031401,2,Dys,,,,,304,153,151,110
01103140101,3,Dys,P,,,,262,131,131,91
01103140102,3,Dys,Q,,,,42,22,20,19
011031402,2,Dys,,,,,462,229,233,207
01103140201,3,Dys,P,,,,224,106,118,103
01103140202,3,Dys,Q,,,,238,123,115,104
011031403,2,Dys,O,,,,324,170,154,130
01103140301,3,Dys,OP,,,,115,62,53,42
01103140302,3,Dys,OQ,,,,209,108,101,88
011031404,2,Dys,l,,,,388,221,167,194
01103140401,3,Dys,lP,,,,307,178,129,159
01103140402,3,Dys,lQ,,,,81,43,38,35
011031405,2,Dys,܏,,,,528,271,257,193
01103140501,3,Dys,܏P,,,,234,120,114,87
01103140502,3,Dys,܏Q,,,,294,151,143,106
011031501,2,Dys,,,,,369,192,177,129
01103150101,3,Dys,P,,,,111,56,55,34
01103150102,3,Dys,Q,,,,142,76,66,51
01103150103,3,Dys,R,,,,116,60,56,44
011031502,2,Dys,,,,,161,84,77,62
01103150201,3,Dys,P,,,,115,61,54,43
01103150202,3,Dys,Q,,,,46,23,23,19
011031503,2,Dys,O,,,,123,59,64,49
01103150301,3,Dys,OP,,,,100,49,51,38
01103150302,3,Dys,OQ,,,,23,10,13,11
011031504,2,Dys,l,,,,258,122,136,99
01103150401,3,Dys,lP,,,,162,79,83,63
01103150402,3,Dys,lQ,,,,96,43,53,36
011031505,2,Dys,܏,,,,266,128,138,111
01103150501,3,Dys,܏P,,,,138,64,74,57
01103150502,3,Dys,܏Q,,,,128,64,64,54
011031506,2,Dys,Z,,,,413,206,207,159
01103150601,3,Dys,ZP,,,,136,69,67,50
01103150602,3,Dys,ZQ,,,,146,71,75,59
01103150603,3,Dys,ZR,,,,131,66,65,50
011031600,2,Dys,G,,,,3,2,1,1
011032304,2,Dys,kl,,,,138,65,73,55
01103230410,3,Dys,kl𓌂PO,,,,-,-,-,-
01103230411,3,Dys,kl𓌂PP,,,,-,-,-,-
01103230412,3,Dys,kl𓌂PQ,,,,138,65,73,55
011032305,2,Dys,k܏,,,,883,402,481,397
01103230504,3,Dys,k܏𓌂S,,,,-,-,-,-
01103230505,3,Dys,k܏𓌂T,,,,-,-,-,-
01103230506,3,Dys,k܏𓌂U,,,,-,-,-,-
01103230507,3,Dys,k܏𓌂V,,,,-,-,-,-
01103230508,3,Dys,k܏𓌂W,,,,64,31,33,46
01103230509,3,Dys,k܏𓌂X,,,,93,47,46,61
01103230510,3,Dys,k܏𓌂PO,,,,138,64,74,53
01103230511,3,Dys,k܏𓌂PP,,,,148,62,86,60
01103230512,3,Dys,k܏𓌂PQ,,,,440,198,242,177
011032306,2,Dys,kZ,,,,1923,914,1009,770
01103230601,3,Dys,kZ𓌂P,,,,-,-,-,-
01103230602,3,Dys,kZ𓌂Q,,,,-,-,-,-
01103230603,3,Dys,kZ𓌂R,,,,-,-,-,-
01103230604,3,Dys,kZ𓌂S,,,,-,-,-,-
01103230605,3,Dys,kZ𓌂T,,,,-,-,-,-
01103230606,3,Dys,kZ𓌂U,,,,719,355,364,284
01103230607,3,Dys,kZ𓌂V,,,,41,23,18,18
01103230608,3,Dys,kZ𓌂W,,,,837,390,447,340
01103230612,3,Dys,kZ𓌂PQ,,,,-,-,-,-
01103230619,3,Dys,kZ𓌂PX,,,,270,120,150,99
01103230620,3,Dys,kZ𓌂QO,,,,56,26,30,29
011032307,2,Dys,k,,,,3344,1524,1820,1677
01103230701,3,Dys,k𓌂P,,,,-,-,-,-
01103230702,3,Dys,k𓌂Q,,,,-,-,-,-
01103230703,3,Dys,k𓌂R,,,,329,151,178,239
01103230704,3,Dys,k𓌂S,,,,116,46,70,66
01103230705,3,Dys,k𓌂T,,,,379,191,188,261
01103230706,3,Dys,k𓌂U,,,,288,146,142,185
01103230707,3,Dys,k𓌂V,,,,380,153,227,193
01103230708,3,Dys,k𓌂W,,,,243,113,130,116
01103230709,3,Dys,k𓌂X,,,,-,-,-,-
01103230711,3,Dys,k𓌂PP,,,,-,-,-,-
01103230712,3,Dys,k𓌂PQ,,,,-,-,-,-
01103230713,3,Dys,k𓌂PR,,,,175,88,87,79
01103230714,3,Dys,k𓌂PS,,,,40,17,23,18
01103230718,3,Dys,k𓌂PW,,,,741,346,395,234
01103230719,3,Dys,k𓌂PX,,,,270,111,159,117
01103230720,3,Dys,k𓌂QO,,,,383,162,221,169
011032308,2,Dys,k,,,,3727,1780,1947,1811
01103230801,3,Dys,k𓌂P,,,,338,170,168,279
01103230802,3,Dys,k𓌂Q,,,,109,96,13,7
01103230803,3,Dys,k𓌂R,,,,505,219,286,209
01103230804,3,Dys,k𓌂S,,,,147,78,69,49
01103230805,3,Dys,k𓌂T,,,,196,92,104,90
01103230806,3,Dys,k𓌂U,,,,381,175,206,199
01103230807,3,Dys,k𓌂V,,,,-,-,-,-
01103230808,3,Dys,k𓌂W,,,,140,43,97,73
01103230809,3,Dys,k𓌂X,,,,-,-,-,-
01103230810,3,Dys,k𓌂PO,,,,-,-,-,-
01103230811,3,Dys,k𓌂PP,,,,131,55,76,64
01103230812,3,Dys,k𓌂PQ,,,,199,115,84,132
01103230813,3,Dys,k𓌂PR,,,,202,103,99,93
01103230814,3,Dys,k𓌂PS,,,,106,45,61,57
01103230815,3,Dys,k𓌂PT,,,,156,70,86,71
01103230816,3,Dys,k𓌂PU,,,,127,64,63,56
01103230817,3,Dys,k𓌂PV,,,,435,216,219,184
01103230818,3,Dys,k𓌂PW,,,,206,90,116,86
01103230819,3,Dys,k𓌂PX,,,,349,149,200,162
011032309,2,Dys,k,,,,3575,1476,2099,2111
01103230901,3,Dys,k𓌂P,,,,555,106,449,436
01103230902,3,Dys,k𓌂Q,,,,276,122,154,152
01103230903,3,Dys,k𓌂R,,,,690,314,376,338
01103230904,3,Dys,k𓌂S,,,,-,-,-,-
01103230905,3,Dys,k𓌂T,,,,22,8,14,19
01103230906,3,Dys,k𓌂U,,,,339,156,183,169
01103230907,3,Dys,k𓌂V,,,,255,96,159,172
01103230908,3,Dys,k𓌂W,,,,319,147,172,206
01103230909,3,Dys,k𓌂X,,,,396,189,207,268
01103230910,3,Dys,k𓌂PO,,,,355,161,194,174
01103230911,3,Dys,k𓌂PP,,,,98,46,52,46
01103230912,3,Dys,k𓌂PQ,,,,78,33,45,43
01103230913,3,Dys,k𓌂PR,,,,58,31,27,28
01103230914,3,Dys,k𓌂PS,,,,89,41,48,32
01103230915,3,Dys,k𓌂PT,,,,-,-,-,-
01103230916,3,Dys,k𓌂PU,,,,45,26,19,28
011032310,2,Dys,k\,,,,4119,1787,2332,2360
01103231001,3,Dys,k\𓌂P,,,,223,105,118,148
01103231002,3,Dys,k\𓌂Q,,,,416,182,234,205
01103231003,3,Dys,k\𓌂R,,,,307,150,157,248
01103231004,3,Dys,k\𓌂S,,,,132,58,74,91
01103231005,3,Dys,k\𓌂T,,,,179,78,101,86
01103231006,3,Dys,k\𓌂U,,,,592,259,333,292
01103231007,3,Dys,k\𓌂V,,,,184,71,113,91
01103231008,3,Dys,k\𓌂W,,,,445,151,294,235
01103231009,3,Dys,k\𓌂X,,,,312,108,204,228
01103231010,3,Dys,k\𓌂PO,,,,126,61,65,70
01103231011,3,Dys,k\𓌂PP,,,,182,85,97,103
01103231012,3,Dys,k\𓌂PQ,,,,413,191,222,228
01103231013,3,Dys,k\𓌂PR,,,,71,24,47,40
01103231014,3,Dys,k\𓌂PS,,,,139,71,68,63
01103231015,3,Dys,k\𓌂PT,,,,263,127,136,168
01103231016,3,Dys,k\𓌂PU,,,,-,-,-,-
01103231017,3,Dys,k\𓌂PV,,,,135,66,69,64
011032311,2,Dys,k\,,,,4304,1963,2341,2532
01103231101,3,Dys,k\𓌂P,,,,469,258,211,329
01103231102,3,Dys,k\𓌂Q,,,,40,22,18,21
01103231103,3,Dys,k\𓌂R,,,,218,103,115,135
01103231104,3,Dys,k\𓌂S,,,,303,136,167,166
01103231105,3,Dys,k\𓌂T,,,,142,65,77,91
01103231106,3,Dys,k\𓌂U,,,,253,123,130,184
01103231107,3,Dys,k\𓌂V,,,,224,85,139,125
01103231108,3,Dys,k\𓌂W,,,,534,196,338,324
01103231109,3,Dys,k\𓌂X,,,,696,304,392,322
01103231110,3,Dys,k\𓌂PO,,,,331,168,163,236
01103231111,3,Dys,k\𓌂PP,,,,235,102,133,135
01103231112,3,Dys,k\𓌂PQ,,,,140,71,69,81
01103231113,3,Dys,k\𓌂PR,,,,174,81,93,107
01103231114,3,Dys,k\𓌂PS,,,,145,71,74,76
01103231115,3,Dys,k\𓌂PT,,,,264,116,148,146
01103231116,3,Dys,k\𓌂PU,,,,64,33,31,19
01103231117,3,Dys,k\𓌂PV,,,,72,29,43,35
011032312,2,Dys,k\,,,,3950,1828,2122,2357
01103231201,3,Dys,k\𓌂P,,,,167,78,89,119
01103231202,3,Dys,k\𓌂Q,,,,178,106,72,115
01103231203,3,Dys,k\𓌂R,,,,13,6,7,6
01103231204,3,Dys,k\𓌂S,,,,229,173,56,188
01103231205,3,Dys,k\𓌂T,,,,406,176,230,208
01103231206,3,Dys,k\𓌂U,,,,-,-,-,-
01103231207,3,Dys,k\𓌂V,,,,281,98,183,195
01103231208,3,Dys,k\𓌂W,,,,289,122,167,153
01103231209,3,Dys,k\𓌂X,,,,629,256,373,400
01103231210,3,Dys,k\𓌂PO,,,,121,58,63,82
01103231211,3,Dys,k\𓌂PP,,,,315,140,175,192
01103231212,3,Dys,k\𓌂PQ,,,,205,98,107,147
01103231213,3,Dys,k\𓌂PR,,,,76,33,43,59
01103231214,3,Dys,k\𓌂PS,,,,343,156,187,156
01103231215,3,Dys,k\𓌂PT,,,,482,235,247,237
01103231216,3,Dys,k\𓌂PU,,,,68,29,39,42
01103231217,3,Dys,k\𓌂PV,,,,148,64,84,58
011032313,2,Dys,k\O,,,,3474,1639,1835,1901
01103231301,3,Dys,k\O𓌂P,,,,126,65,61,56
01103231302,3,Dys,k\O𓌂Q,,,,520,241,279,317
01103231303,3,Dys,k\O𓌂R,,,,-,-,-,-
01103231304,3,Dys,k\O𓌂S,,,,70,22,48,32
01103231305,3,Dys,k\O𓌂T,,,,253,115,138,155
01103231306,3,Dys,k\O𓌂U,,,,330,156,174,197
01103231307,3,Dys,k\O𓌂V,,,,371,145,226,175
01103231308,3,Dys,k\O𓌂W,,,,148,59,89,102
01103231309,3,Dys,k\O𓌂X,,,,99,99,-,3
01103231310,3,Dys,k\O𓌂PO,,,,279,142,137,203
01103231312,3,Dys,k\O𓌂PQ,,,,183,85,98,95
01103231313,3,Dys,k\O𓌂PR,,,,250,118,132,122
01103231314,3,Dys,k\O𓌂PS,,,,325,153,172,188
01103231315,3,Dys,k\O𓌂PT,,,,68,34,34,40
01103231316,3,Dys,k\O𓌂PU,,,,452,205,247,216
011032314,2,Dys,k\l,,,,3009,1313,1696,1690
01103231401,3,Dys,k\l𓌂P,,,,431,180,251,204
01103231402,3,Dys,k\l𓌂Q,,,,159,81,78,91
01103231403,3,Dys,k\l𓌂R,,,,62,27,35,39
01103231404,3,Dys,k\l𓌂S,,,,277,75,202,195
01103231405,3,Dys,k\l𓌂T,,,,194,85,109,92
01103231406,3,Dys,k\l𓌂U,,,,142,65,77,57
01103231407,3,Dys,k\l𓌂V,,,,151,64,87,77
01103231408,3,Dys,k\l𓌂W,,,,164,76,88,98
01103231409,3,Dys,k\l𓌂X,,,,108,44,64,92
01103231410,3,Dys,k\l𓌂PO,,,,322,173,149,191
01103231412,3,Dys,k\l𓌂PQ,,,,241,106,135,119
01103231413,3,Dys,k\l𓌂PR,,,,212,87,125,126
01103231414,3,Dys,k\l𓌂PS,,,,262,120,142,137
01103231415,3,Dys,k\l𓌂PT,,,,226,102,124,132
01103231416,3,Dys,k\l𓌂PU,,,,58,28,30,40
011032315,2,Dys,k\܏,,,,3217,1501,1716,1931
01103231501,3,Dys,k\܏𓌂P,,,,309,159,150,186
01103231502,3,Dys,k\܏𓌂Q,,,,14,8,6,11
01103231503,3,Dys,k\܏𓌂R,,,,132,65,67,89
01103231504,3,Dys,k\܏𓌂S,,,,296,132,164,175
01103231505,3,Dys,k\܏𓌂T,,,,320,156,164,168
01103231506,3,Dys,k\܏𓌂U,,,,186,87,99,118
01103231507,3,Dys,k\܏𓌂V,,,,211,101,110,125
01103231508,3,Dys,k\܏𓌂W,,,,155,66,89,82
01103231509,3,Dys,k\܏𓌂X,,,,128,62,66,87
01103231510,3,Dys,k\܏𓌂PO,,,,140,64,76,90
01103231512,3,Dys,k\܏𓌂PQ,,,,108,50,58,76
01103231513,3,Dys,k\܏𓌂PR,,,,207,90,117,140
01103231514,3,Dys,k\܏𓌂PS,,,,250,115,135,135
01103231515,3,Dys,k\܏𓌂PT,,,,264,118,146,140
01103231516,3,Dys,k\܏𓌂PU,,,,218,94,124,134
01103231517,3,Dys,k\܏𓌂PV,,,,8,3,5,3
01103231518,3,Dys,k\܏𓌂PW,,,,271,131,140,172
011032316,2,Dys,k\Z,,,,4069,1876,2193,2320
01103231601,3,Dys,k\Z𓌂P,,,,442,226,216,301
01103231602,3,Dys,k\Z𓌂Q,,,,145,59,86,71
01103231603,3,Dys,k\Z𓌂R,,,,273,135,138,148
01103231604,3,Dys,k\Z𓌂S,,,,297,151,146,139
01103231605,3,Dys,k\Z𓌂T,,,,166,78,88,93
01103231606,3,Dys,k\Z𓌂U,,,,304,145,159,123
01103231607,3,Dys,k\Z𓌂V,,,,289,128,161,174
01103231608,3,Dys,k\Z𓌂W,,,,99,41,58,42
01103231609,3,Dys,k\Z𓌂X,,,,2,1,1,1
01103231610,3,Dys,k\Z𓌂PO,,,,301,120,181,225
01103231612,3,Dys,k\Z𓌂PQ,,,,168,75,93,103
01103231613,3,Dys,k\Z𓌂PR,,,,270,123,147,160
01103231614,3,Dys,k\Z𓌂PS,,,,244,113,131,148
01103231615,3,Dys,k\Z𓌂PT,,,,242,92,150,156
01103231616,3,Dys,k\Z𓌂PU,,,,302,142,160,221
01103231617,3,Dys,k\Z𓌂PV,,,,243,104,139,100
01103231618,3,Dys,k\Z𓌂PW,,,,117,55,62,60
01103231619,3,Dys,k\Z𓌂PX,,,,165,88,77,55
011032317,2,Dys,k\,,,,4776,2167,2609,2615
01103231701,3,Dys,k\𓌂P,,,,432,254,178,362
01103231702,3,Dys,k\𓌂Q,,,,177,86,91,94
01103231703,3,Dys,k\𓌂R,,,,268,137,131,164
01103231704,3,Dys,k\𓌂S,,,,243,114,129,119
01103231705,3,Dys,k\𓌂T,,,,208,58,150,16
01103231706,3,Dys,k\𓌂U,,,,-,-,-,-
01103231707,3,Dys,k\𓌂V,,,,537,248,289,248
01103231708,3,Dys,k\𓌂W,,,,190,81,109,106
01103231709,3,Dys,k\𓌂X,,,,286,131,155,181
01103231710,3,Dys,k\𓌂PO,,,,284,105,179,155
01103231712,3,Dys,k\𓌂PQ,,,,282,106,176,164
01103231713,3,Dys,k\𓌂PR,,,,275,136,139,173
01103231714,3,Dys,k\𓌂PS,,,,112,47,65,53
01103231715,3,Dys,k\𓌂PT,,,,221,81,140,127
01103231716,3,Dys,k\𓌂PU,,,,212,94,118,115
01103231717,3,Dys,k\𓌂PV,,,,356,174,182,185
01103231718,3,Dys,k\𓌂PW,,,,245,111,134,151
01103231719,3,Dys,k\𓌂PX,,,,248,115,133,100
01103231720,3,Dys,k\𓌂QO,,,,200,89,111,102
011032318,2,Dys,k\,,,,4262,2045,2217,2193
01103231801,3,Dys,k\𓌂P,,,,420,251,169,223
01103231802,3,Dys,k\𓌂Q,,,,190,95,95,79
01103231803,3,Dys,k\𓌂R,,,,259,124,135,143
01103231804,3,Dys,k\𓌂S,,,,180,86,94,100
01103231805,3,Dys,k\𓌂T,,,,93,48,45,44
01103231806,3,Dys,k\𓌂U,,,,68,37,31,42
01103231807,3,Dys,k\𓌂V,,,,175,81,94,83
01103231808,3,Dys,k\𓌂W,,,,114,53,61,81
01103231809,3,Dys,k\𓌂X,,,,192,89,103,101
01103231810,3,Dys,k\𓌂PO,,,,167,74,93,109
01103231812,3,Dys,k\𓌂PQ,,,,192,73,119,105
01103231813,3,Dys,k\𓌂PR,,,,282,140,142,192
01103231814,3,Dys,k\𓌂PS,,,,207,106,101,90
01103231815,3,Dys,k\𓌂PT,,,,60,27,33,46
01103231816,3,Dys,k\𓌂PU,,,,263,118,145,157
01103231817,3,Dys,k\𓌂PV,,,,244,110,134,133
01103231818,3,Dys,k\𓌂PW,,,,120,54,66,54
01103231819,3,Dys,k\𓌂PX,,,,425,204,221,158
01103231820,3,Dys,k\𓌂QO,,,,397,179,218,162
01103231821,3,Dys,k\𓌂QP,,,,214,96,118,91
011032319,2,Dys,k\,,,,5602,2727,2875,2996
01103231901,3,Dys,k\𓌂P,,,,453,254,199,296
01103231902,3,Dys,k\𓌂Q,,,,314,155,159,224
01103231903,3,Dys,k\𓌂R,,,,220,110,110,99
01103231904,3,Dys,k\𓌂S,,,,284,128,156,130
01103231905,3,Dys,k\𓌂T,,,,221,102,119,117
01103231906,3,Dys,k\𓌂U,,,,122,66,56,65
01103231907,3,Dys,k\𓌂V,,,,261,126,135,139
01103231908,3,Dys,k\𓌂W,,,,344,169,175,167
01103231909,3,Dys,k\𓌂X,,,,339,158,181,185
01103231910,3,Dys,k\𓌂PO,,,,176,80,96,106
01103231912,3,Dys,k\𓌂PQ,,,,302,148,154,175
01103231913,3,Dys,k\𓌂PR,,,,366,181,185,180
01103231914,3,Dys,k\𓌂PS,,,,121,51,70,54
01103231915,3,Dys,k\𓌂PT,,,,319,142,177,189
01103231916,3,Dys,k\𓌂PU,,,,346,171,175,212
01103231917,3,Dys,k\𓌂PV,,,,220,110,110,109
01103231918,3,Dys,k\𓌂PW,,,,193,104,89,97
01103231919,3,Dys,k\𓌂PX,,,,344,160,184,169
01103231920,3,Dys,k\𓌂QO,,,,119,61,58,61
01103231921,3,Dys,k\𓌂QP,,,,253,115,138,99
01103231922,3,Dys,k\𓌂QQ,,,,285,136,149,123
011032320,2,Dys,k\,,,,6353,3019,3334,3112
01103232001,3,Dys,k\𓌂P,,,,683,322,361,343
01103232002,3,Dys,k\𓌂Q,,,,316,184,132,186
01103232003,3,Dys,k\𓌂R,,,,201,97,104,110
01103232004,3,Dys,k\𓌂S,,,,228,111,117,95
01103232005,3,Dys,k\𓌂T,,,,150,73,77,74
01103232006,3,Dys,k\𓌂U,,,,217,105,112,111
01103232007,3,Dys,k\𓌂V,,,,314,140,174,164
01103232008,3,Dys,k\𓌂W,,,,255,123,132,119
01103232009,3,Dys,k\𓌂X,,,,268,131,137,121
01103232010,3,Dys,k\𓌂PO,,,,267,127,140,114
01103232012,3,Dys,k\𓌂PQ,,,,236,111,125,115
01103232013,3,Dys,k\𓌂PR,,,,341,172,169,169
01103232014,3,Dys,k\𓌂PS,,,,287,137,150,185
01103232015,3,Dys,k\𓌂PT,,,,372,186,186,175
01103232016,3,Dys,k\𓌂PU,,,,363,148,215,187
01103232017,3,Dys,k\𓌂PV,,,,316,127,189,162
01103232018,3,Dys,k\𓌂PW,,,,558,260,298,261
01103232019,3,Dys,k\𓌂PX,,,,395,195,200,197
01103232020,3,Dys,k\𓌂QO,,,,158,73,85,56
01103232021,3,Dys,k\𓌂QP,,,,189,88,101,75
01103232022,3,Dys,k\𓌂QQ,,,,239,109,130,93
011032321,2,Dys,k\,,,,5732,2733,2999,2872
01103232101,3,Dys,k\𓌂P,,,,352,157,195,223
01103232102,3,Dys,k\𓌂Q,,,,301,159,142,185
01103232103,3,Dys,k\𓌂R,,,,192,94,98,103
01103232104,3,Dys,k\𓌂S,,,,-,-,-,-
01103232105,3,Dys,k\𓌂T,,,,-,-,-,-
01103232106,3,Dys,k\𓌂U,,,,196,94,102,80
01103232107,3,Dys,k\𓌂V,,,,256,122,134,126
01103232108,3,Dys,k\𓌂W,,,,202,92,110,114
01103232109,3,Dys,k\𓌂X,,,,342,170,172,119
01103232110,3,Dys,k\𓌂PO,,,,198,94,104,95
01103232112,3,Dys,k\𓌂PQ,,,,341,164,177,190
01103232113,3,Dys,k\𓌂PR,,,,221,109,112,104
01103232114,3,Dys,k\𓌂PS,,,,327,152,175,192
01103232115,3,Dys,k\𓌂PT,,,,560,254,306,230
01103232116,3,Dys,k\𓌂PU,,,,247,103,144,121
01103232117,3,Dys,k\𓌂PV,,,,283,121,162,177
01103232118,3,Dys,k\𓌂PW,,,,398,206,192,241
01103232119,3,Dys,k\𓌂PX,,,,207,97,110,101
01103232120,3,Dys,k\𓌂QO,,,,357,181,176,189
01103232121,3,Dys,k\𓌂QP,,,,1,1,-,1
01103232122,3,Dys,k\𓌂QQ,,,,310,138,172,102
01103232123,3,Dys,k\𓌂QR,,,,441,225,216,179
011032322,2,Dys,k\,,,,5769,2755,3014,3077
01103232201,3,Dys,k\𓌂P,,,,248,136,112,174
01103232202,3,Dys,k\𓌂Q,,,,219,111,108,133
01103232203,3,Dys,k\𓌂R,,,,205,109,96,109
01103232204,3,Dys,k\𓌂S,,,,84,36,48,32
01103232205,3,Dys,k\𓌂T,,,,88,39,49,32
01103232206,3,Dys,k\𓌂U,,,,308,143,165,145
01103232207,3,Dys,k\𓌂V,,,,200,109,91,110
01103232208,3,Dys,k\𓌂W,,,,246,113,133,129
01103232209,3,Dys,k\𓌂X,,,,242,122,120,109
01103232210,3,Dys,k\𓌂PO,,,,147,71,76,82
01103232212,3,Dys,k\𓌂PQ,,,,69,38,31,35
01103232213,3,Dys,k\𓌂PR,,,,351,158,193,178
01103232214,3,Dys,k\𓌂PS,,,,-,-,-,-
01103232215,3,Dys,k\𓌂PT,,,,414,187,227,285
01103232216,3,Dys,k\𓌂PU,,,,684,302,382,462
01103232217,3,Dys,k\𓌂PV,,,,292,137,155,173
01103232218,3,Dys,k\𓌂PW,,,,482,236,246,261
01103232219,3,Dys,k\𓌂PX,,,,142,65,77,65
01103232220,3,Dys,k\𓌂QO,,,,231,108,123,108
01103232221,3,Dys,k\𓌂QP,,,,-,-,-,-
01103232222,3,Dys,k\𓌂QQ,,,,235,114,121,95
01103232223,3,Dys,k\𓌂QR,,,,882,421,461,360
011032323,2,Dys,k\O,,,,6888,3237,3651,3802
01103232301,3,Dys,k\O𓌂P,,,,701,347,354,479
01103232302,3,Dys,k\O𓌂Q,,,,265,121,144,144
01103232303,3,Dys,k\O𓌂R,,,,256,139,117,171
01103232304,3,Dys,k\O𓌂S,,,,348,148,200,161
01103232305,3,Dys,k\O𓌂T,,,,263,117,146,106
01103232306,3,Dys,k\O𓌂U,,,,263,129,134,135
01103232307,3,Dys,k\O𓌂V,,,,249,139,110,160
01103232308,3,Dys,k\O𓌂W,,,,210,99,111,101
01103232309,3,Dys,k\O𓌂X,,,,274,139,135,150
01103232310,3,Dys,k\O𓌂PO,,,,254,125,129,135
01103232312,3,Dys,k\O𓌂PQ,,,,393,165,228,206
01103232313,3,Dys,k\O𓌂PR,,,,420,210,210,232
01103232314,3,Dys,k\O𓌂PS,,,,294,144,150,144
01103232315,3,Dys,k\O𓌂PT,,,,281,128,153,143
01103232316,3,Dys,k\O𓌂PU,,,,394,181,213,255
01103232317,3,Dys,k\O𓌂PV,,,,266,127,139,157
01103232318,3,Dys,k\O𓌂PW,,,,505,230,275,328
01103232319,3,Dys,k\O𓌂PX,,,,242,108,134,136
01103232320,3,Dys,k\O𓌂QO,,,,364,160,204,172
01103232321,3,Dys,k\O𓌂QP,,,,289,128,161,123
01103232322,3,Dys,k\O𓌂QQ,,,,259,115,144,110
01103232323,3,Dys,k\O𓌂QR,,,,98,38,60,54
011032324,2,Dys,k\l,,,,4124,1931,2193,2209
01103232401,3,Dys,k\l𓌂P,,,,124,58,66,66
01103232402,3,Dys,k\l𓌂Q,,,,88,42,46,54
01103232403,3,Dys,k\l𓌂R,,,,229,123,106,156
01103232404,3,Dys,k\l𓌂S,,,,88,48,40,43
01103232405,3,Dys,k\l𓌂T,,,,120,59,61,52
01103232406,3,Dys,k\l𓌂U,,,,49,24,25,20
01103232407,3,Dys,k\l𓌂V,,,,194,97,97,103
01103232408,3,Dys,k\l𓌂W,,,,111,49,62,62
01103232409,3,Dys,k\l𓌂X,,,,197,96,101,101
01103232410,3,Dys,k\l𓌂PO,,,,51,19,32,28
01103232412,3,Dys,k\l𓌂PQ,,,,212,101,111,120
01103232413,3,Dys,k\l𓌂PR,,,,246,125,121,155
01103232414,3,Dys,k\l𓌂PS,,,,372,174,198,210
01103232415,3,Dys,k\l𓌂PT,,,,157,78,79,121
01103232416,3,Dys,k\l𓌂PU,,,,222,92,130,140
01103232417,3,Dys,k\l𓌂PV,,,,122,57,65,77
01103232418,3,Dys,k\l𓌂PW,,,,419,176,243,195
01103232419,3,Dys,k\l𓌂PX,,,,520,227,293,236
01103232420,3,Dys,k\l𓌂QO,,,,15,10,5,12
01103232421,3,Dys,k\l𓌂QP,,,,295,140,155,130
01103232422,3,Dys,k\l𓌂QQ,,,,293,136,157,128
011032325,2,Dys,k\܏,,,,5024,2464,2560,2570
01103232501,3,Dys,k\܏𓌂P,,,,253,132,121,169
01103232502,3,Dys,k\܏𓌂Q,,,,196,102,94,99
01103232503,3,Dys,k\܏𓌂R,,,,167,82,85,76
01103232504,3,Dys,k\܏𓌂S,,,,102,50,52,45
01103232505,3,Dys,k\܏𓌂T,,,,201,93,108,90
01103232506,3,Dys,k\܏𓌂U,,,,200,99,101,108
01103232507,3,Dys,k\܏𓌂V,,,,225,110,115,111
01103232508,3,Dys,k\܏𓌂W,,,,50,24,26,26
01103232509,3,Dys,k\܏𓌂X,,,,171,88,83,90
01103232510,3,Dys,k\܏𓌂PO,,,,270,133,137,142
01103232512,3,Dys,k\܏𓌂PQ,,,,331,174,157,184
01103232513,3,Dys,k\܏𓌂PR,,,,342,174,168,202
01103232514,3,Dys,k\܏𓌂PS,,,,201,106,95,119
01103232515,3,Dys,k\܏𓌂PT,,,,98,43,55,62
01103232516,3,Dys,k\܏𓌂PU,,,,336,152,184,212
01103232517,3,Dys,k\܏𓌂PV,,,,-,-,-,-
01103232518,3,Dys,k\܏𓌂PW,,,,679,327,352,335
01103232519,3,Dys,k\܏𓌂PX,,,,302,142,160,126
01103232520,3,Dys,k\܏𓌂QO,,,,636,301,335,263
01103232521,3,Dys,k\܏𓌂QP,,,,123,62,61,55
01103232522,3,Dys,k\܏𓌂QQ,,,,141,70,71,56
011032326,2,Dys,k\Z,,,,4986,2370,2616,2290
01103232601,3,Dys,k\Z𓌂P,,,,247,119,128,162
01103232602,3,Dys,k\Z𓌂Q,,,,165,89,76,109
01103232603,3,Dys,k\Z𓌂R,,,,245,113,132,92
01103232604,3,Dys,k\Z𓌂S,,,,217,108,109,99
01103232605,3,Dys,k\Z𓌂T,,,,191,94,97,85
01103232606,3,Dys,k\Z𓌂U,,,,119,55,64,49
01103232607,3,Dys,k\Z𓌂V,,,,178,88,90,90
01103232608,3,Dys,k\Z𓌂W,,,,162,68,94,64
01103232609,3,Dys,k\Z𓌂X,,,,186,89,97,93
01103232610,3,Dys,k\Z𓌂PO,,,,257,119,138,162
01103232612,3,Dys,k\Z𓌂PQ,,,,105,49,56,55
01103232613,3,Dys,k\Z𓌂PR,,,,403,185,218,165
01103232614,3,Dys,k\Z𓌂PS,,,,213,88,125,78
01103232615,3,Dys,k\Z𓌂PT,,,,243,105,138,104
01103232616,3,Dys,k\Z𓌂PU,,,,321,139,182,136
01103232617,3,Dys,k\Z𓌂PV,,,,214,111,103,97
01103232618,3,Dys,k\Z𓌂PW,,,,535,262,273,237
01103232619,3,Dys,k\Z𓌂PX,,,,262,142,120,116
01103232620,3,Dys,k\Z𓌂QO,,,,237,118,119,99
01103232621,3,Dys,k\Z𓌂QP,,,,195,91,104,84
01103232622,3,Dys,k\Z𓌂QQ,,,,291,138,153,114
011032327,2,Dys,k\,,,,4596,2230,2366,2192
01103232701,3,Dys,k\𓌂P,,,,315,149,166,157
01103232702,3,Dys,k\𓌂Q,,,,200,113,87,114
01103232703,3,Dys,k\𓌂R,,,,173,83,90,60
01103232704,3,Dys,k\𓌂S,,,,66,28,38,30
01103232705,3,Dys,k\𓌂T,,,,202,103,99,91
01103232706,3,Dys,k\𓌂U,,,,228,112,116,87
01103232707,3,Dys,k\𓌂V,,,,152,75,77,72
01103232708,3,Dys,k\𓌂W,,,,34,19,15,11
01103232709,3,Dys,k\𓌂X,,,,212,110,102,127
01103232710,3,Dys,k\𓌂PO,,,,257,136,121,133
01103232712,3,Dys,k\𓌂PQ,,,,347,161,186,206
01103232713,3,Dys,k\𓌂PR,,,,211,99,112,110
01103232714,3,Dys,k\𓌂PS,,,,37,17,20,23
01103232715,3,Dys,k\𓌂PT,,,,221,106,115,87
01103232716,3,Dys,k\𓌂PU,,,,37,16,21,16
01103232717,3,Dys,k\𓌂PV,,,,356,177,179,256
01103232718,3,Dys,k\𓌂PW,,,,454,228,226,225
01103232719,3,Dys,k\𓌂PX,,,,301,138,163,116
01103232720,3,Dys,k\𓌂QO,,,,406,179,227,111
01103232721,3,Dys,k\𓌂QP,,,,188,87,101,82
01103232722,3,Dys,k\𓌂QQ,,,,199,94,105,78
011032328,2,Dys,k\,,,,3957,1964,1993,2038
01103232801,3,Dys,k\𓌂P,,,,154,74,80,100
01103232802,3,Dys,k\𓌂Q,,,,157,93,64,120
01103232803,3,Dys,k\𓌂R,,,,166,96,70,72
01103232804,3,Dys,k\𓌂S,,,,-,-,-,-
01103232805,3,Dys,k\𓌂T,,,,141,67,74,76
01103232806,3,Dys,k\𓌂U,,,,197,100,97,95
01103232807,3,Dys,k\𓌂V,,,,114,62,52,58
01103232808,3,Dys,k\𓌂W,,,,130,60,70,69
01103232809,3,Dys,k\𓌂X,,,,190,103,87,98
01103232810,3,Dys,k\𓌂PO,,,,192,103,89,94
01103232812,3,Dys,k\𓌂PQ,,,,235,120,115,123
01103232813,3,Dys,k\𓌂PR,,,,268,123,145,152
01103232814,3,Dys,k\𓌂PS,,,,250,106,144,137
01103232815,3,Dys,k\𓌂PT,,,,341,182,159,197
01103232816,3,Dys,k\𓌂PU,,,,219,108,111,106
01103232817,3,Dys,k\𓌂PV,,,,191,91,100,101
01103232818,3,Dys,k\𓌂PW,,,,316,148,168,149
01103232819,3,Dys,k\𓌂PX,,,,422,201,221,171
01103232820,3,Dys,k\𓌂QO,,,,106,50,56,41
01103232821,3,Dys,k\𓌂QP,,,,168,77,91,79
011032330,2,Dys,kO\,,,,4075,1930,2145,1913
01103233001,3,Dys,kO\𓌂P,,,,132,67,65,76
01103233002,3,Dys,kO\𓌂Q,,,,296,149,147,141
01103233003,3,Dys,kO\𓌂R,,,,165,85,80,70
01103233004,3,Dys,kO\𓌂S,,,,129,58,71,64
01103233005,3,Dys,kO\𓌂T,,,,184,95,89,90
01103233006,3,Dys,kO\𓌂U,,,,192,94,98,91
01103233007,3,Dys,kO\𓌂V,,,,241,123,118,117
01103233008,3,Dys,kO\𓌂W,,,,144,62,82,74
01103233009,3,Dys,kO\𓌂X,,,,246,108,138,135
01103233010,3,Dys,kO\𓌂PO,,,,240,123,117,131
01103233012,3,Dys,kO\𓌂PQ,,,,209,93,116,101
01103233013,3,Dys,kO\𓌂PR,,,,241,115,126,130
01103233014,3,Dys,kO\𓌂PS,,,,225,108,117,149
01103233015,3,Dys,kO\𓌂PT,,,,329,169,160,159
01103233016,3,Dys,kO\𓌂PU,,,,57,24,33,19
01103233017,3,Dys,kO\𓌂PV,,,,203,101,102,105
01103233018,3,Dys,kO\𓌂PW,,,,510,193,317,128
01103233019,3,Dys,kO\𓌂PX,,,,251,123,128,99
01103233020,3,Dys,kO\𓌂QO,,,,81,40,41,34
011032331,2,Dys,kO\,,,,4298,2074,2224,2231
01103233101,3,Dys,kO\𓌂P,,,,507,251,256,315
01103233102,3,Dys,kO\𓌂Q,,,,308,150,158,177
01103233103,3,Dys,kO\𓌂R,,,,301,125,176,142
01103233104,3,Dys,kO\𓌂S,,,,186,93,93,88
01103233105,3,Dys,kO\𓌂T,,,,246,129,117,137
01103233106,3,Dys,kO\𓌂U,,,,257,124,133,135
01103233107,3,Dys,kO\𓌂V,,,,143,80,63,79
01103233108,3,Dys,kO\𓌂W,,,,176,86,90,102
01103233109,3,Dys,kO\𓌂X,,,,106,49,57,57
01103233110,3,Dys,kO\𓌂PO,,,,208,99,109,92
01103233112,3,Dys,kO\𓌂PQ,,,,224,114,110,114
01103233113,3,Dys,kO\𓌂PR,,,,193,91,102,99
01103233114,3,Dys,kO\𓌂PS,,,,-,-,-,-
01103233115,3,Dys,kO\𓌂PT,,,,-,-,-,-
01103233116,3,Dys,kO\𓌂PU,,,,306,156,150,157
01103233117,3,Dys,kO\𓌂PV,,,,347,155,192,178
01103233118,3,Dys,kO\𓌂PW,,,,534,251,283,240
01103233119,3,Dys,kO\𓌂PX,,,,256,121,135,119
011032332,2,Dys,kO\,,,,3740,1815,1925,1917
01103233201,3,Dys,kO\𓌂P,,,,512,256,256,303
01103233202,3,Dys,kO\𓌂Q,,,,294,131,163,143
01103233203,3,Dys,kO\𓌂R,,,,280,149,131,149
01103233204,3,Dys,kO\𓌂S,,,,192,90,102,86
01103233205,3,Dys,kO\𓌂T,,,,230,112,118,113
01103233206,3,Dys,kO\𓌂U,,,,197,91,106,95
01103233207,3,Dys,kO\𓌂V,,,,215,112,103,107
01103233208,3,Dys,kO\𓌂W,,,,129,70,59,64
01103233209,3,Dys,kO\𓌂X,,,,218,102,116,120
01103233210,3,Dys,kO\𓌂PO,,,,204,94,110,86
01103233212,3,Dys,kO\𓌂PQ,,,,204,89,115,119
01103233213,3,Dys,kO\𓌂PR,,,,373,177,196,162
01103233214,3,Dys,kO\𓌂PS,,,,4,3,1,1
01103233216,3,Dys,kO\𓌂PU,,,,270,140,130,140
01103233217,3,Dys,kO\𓌂PV,,,,205,99,106,116
01103233218,3,Dys,kO\𓌂PW,,,,213,100,113,113
011032333,2,Dys,kO\O,,,,4197,1986,2211,2094
01103233301,3,Dys,kO\O𓌂P,,,,234,122,112,116
01103233302,3,Dys,kO\O𓌂Q,,,,-,-,-,-
01103233303,3,Dys,kO\O𓌂R,,,,104,56,48,48
01103233304,3,Dys,kO\O𓌂S,,,,-,-,-,-
01103233305,3,Dys,kO\O𓌂T,,,,308,147,161,138
01103233306,3,Dys,kO\O𓌂U,,,,168,91,77,82
01103233307,3,Dys,kO\O𓌂V,,,,135,60,75,62
01103233308,3,Dys,kO\O𓌂W,,,,199,99,100,92
01103233309,3,Dys,kO\O𓌂X,,,,304,141,163,143
01103233310,3,Dys,kO\O𓌂PO,,,,158,77,81,82
01103233312,3,Dys,kO\O𓌂PQ,,,,271,129,142,158
01103233313,3,Dys,kO\O𓌂PR,,,,204,95,109,100
01103233314,3,Dys,kO\O𓌂PS,,,,531,255,276,241
01103233315,3,Dys,kO\O𓌂PT,,,,768,335,433,388
01103233316,3,Dys,kO\O𓌂PU,,,,353,168,185,221
01103233317,3,Dys,kO\O𓌂PV,,,,427,196,231,210
01103233318,3,Dys,kO\O𓌂PW,,,,33,15,18,13
011032334,2,Dys,kO\l,,,,4208,1986,2222,2035
01103233401,3,Dys,kO\l𓌂P,,,,255,125,130,157
01103233402,3,Dys,kO\l𓌂Q,,,,153,74,79,85
01103233403,3,Dys,kO\l𓌂R,,,,65,25,40,39
01103233404,3,Dys,kO\l𓌂S,,,,193,92,101,100
01103233405,3,Dys,kO\l𓌂T,,,,234,112,122,108
01103233406,3,Dys,kO\l𓌂U,,,,152,75,77,57
01103233407,3,Dys,kO\l𓌂V,,,,128,67,61,62
01103233408,3,Dys,kO\l𓌂W,,,,114,51,63,53
01103233409,3,Dys,kO\l𓌂X,,,,270,126,144,135
01103233410,3,Dys,kO\l𓌂PO,,,,143,65,78,81
01103233412,3,Dys,kO\l𓌂PQ,,,,130,61,69,64
01103233413,3,Dys,kO\l𓌂PR,,,,100,46,54,41
01103233414,3,Dys,kO\l𓌂PS,,,,134,53,81,94
01103233415,3,Dys,kO\l𓌂PT,,,,232,102,130,112
01103233416,3,Dys,kO\l𓌂PU,,,,23,10,13,10
01103233417,3,Dys,kO\l𓌂PV,,,,163,83,80,126
01103233418,3,Dys,kO\l𓌂PW,,,,299,148,151,127
01103233419,3,Dys,kO\l𓌂PX,,,,85,37,48,46
01103233420,3,Dys,kO\l𓌂QO,,,,188,86,102,70
01103233421,3,Dys,kO\l𓌂QP,,,,163,79,84,62
01103233422,3,Dys,kO\l𓌂QQ,,,,113,48,65,47
01103233423,3,Dys,kO\l𓌂QR,,,,135,68,67,56
01103233424,3,Dys,kO\l𓌂QS,,,,64,35,29,25
01103233425,3,Dys,kO\l𓌂QT,,,,118,56,62,49
01103233426,3,Dys,kO\l𓌂QU,,,,63,29,34,34
01103233427,3,Dys,kO\l𓌂QV,,,,137,70,67,51
01103233428,3,Dys,kO\l𓌂QW,,,,354,163,191,144
011032335,2,Dys,kO\܏,,,,5574,2691,2883,2622
01103233501,3,Dys,kO\܏𓌂P,,,,390,200,190,242
01103233502,3,Dys,kO\܏𓌂Q,,,,259,136,123,159
01103233503,3,Dys,kO\܏𓌂R,,,,294,134,160,109
01103233504,3,Dys,kO\܏𓌂S,,,,454,220,234,164
01103233505,3,Dys,kO\܏𓌂T,,,,167,76,91,79
01103233506,3,Dys,kO\܏𓌂U,,,,230,116,114,109
01103233507,3,Dys,kO\܏𓌂V,,,,220,112,108,109
01103233508,3,Dys,kO\܏𓌂W,,,,207,100,107,102
01103233509,3,Dys,kO\܏𓌂X,,,,236,122,114,131
01103233510,3,Dys,kO\܏𓌂PO,,,,210,103,107,97
01103233512,3,Dys,kO\܏𓌂PQ,,,,146,73,73,77
01103233513,3,Dys,kO\܏𓌂PR,,,,122,59,63,60
01103233514,3,Dys,kO\܏𓌂PS,,,,197,87,110,94
01103233515,3,Dys,kO\܏𓌂PT,,,,234,100,134,143
01103233516,3,Dys,kO\܏𓌂PU,,,,145,66,79,93
01103233517,3,Dys,kO\܏𓌂PV,,,,146,75,71,84
01103233518,3,Dys,kO\܏𓌂PW,,,,134,62,72,73
01103233519,3,Dys,kO\܏𓌂PX,,,,49,24,25,25
01103233520,3,Dys,kO\܏𓌂QO,,,,301,147,154,117
01103233521,3,Dys,kO\܏𓌂QP,,,,81,42,39,28
01103233522,3,Dys,kO\܏𓌂QQ,,,,219,103,116,85
01103233523,3,Dys,kO\܏𓌂QR,,,,197,95,102,81
01103233524,3,Dys,kO\܏𓌂QS,,,,211,102,109,84
01103233525,3,Dys,kO\܏𓌂QT,,,,254,123,131,107
01103233526,3,Dys,kO\܏𓌂QU,,,,159,67,92,62
01103233527,3,Dys,kO\܏𓌂QV,,,,28,11,17,10
01103233528,3,Dys,kO\܏𓌂QW,,,,284,136,148,98
011032336,2,Dys,kO\Z,,,,5264,2531,2733,2296
01103233601,3,Dys,kO\Z𓌂P,,,,219,105,114,123
01103233602,3,Dys,kO\Z𓌂Q,,,,202,112,90,116
01103233603,3,Dys,kO\Z𓌂R,,,,134,72,62,66
01103233604,3,Dys,kO\Z𓌂S,,,,138,63,75,66
01103233605,3,Dys,kO\Z𓌂T,,,,91,42,49,34
01103233606,3,Dys,kO\Z𓌂U,,,,156,68,88,73
01103233607,3,Dys,kO\Z𓌂V,,,,179,90,89,92
01103233608,3,Dys,kO\Z𓌂W,,,,46,19,27,18
01103233609,3,Dys,kO\Z𓌂X,,,,133,64,69,57
01103233610,3,Dys,kO\Z𓌂PO,,,,145,67,78,64
01103233612,3,Dys,kO\Z𓌂PQ,,,,179,90,89,75
01103233613,3,Dys,kO\Z𓌂PR,,,,64,30,34,27
01103233614,3,Dys,kO\Z𓌂PS,,,,185,93,92,73
01103233615,3,Dys,kO\Z𓌂PT,,,,187,89,98,101
01103233616,3,Dys,kO\Z𓌂PU,,,,136,65,71,66
01103233617,3,Dys,kO\Z𓌂PV,,,,222,110,112,100
01103233618,3,Dys,kO\Z𓌂PW,,,,285,130,155,118
01103233619,3,Dys,kO\Z𓌂PX,,,,371,184,187,146
01103233620,3,Dys,kO\Z𓌂QO,,,,115,55,60,42
01103233621,3,Dys,kO\Z𓌂QP,,,,156,69,87,57
01103233622,3,Dys,kO\Z𓌂QQ,,,,233,107,126,90
01103233623,3,Dys,kO\Z𓌂QR,,,,245,116,129,98
01103233624,3,Dys,kO\Z𓌂QS,,,,239,114,125,102
01103233625,3,Dys,kO\Z𓌂QT,,,,176,84,92,70
01103233626,3,Dys,kO\Z𓌂QU,,,,60,35,25,34
01103233627,3,Dys,kO\Z𓌂QV,,,,298,149,149,116
01103233628,3,Dys,kO\Z𓌂QW,,,,244,111,133,106
01103233629,3,Dys,kO\Z𓌂QX,,,,426,198,228,166
011032337,2,Dys,kO\,,,,4947,2360,2587,2149
01103233701,3,Dys,kO\𓌂P,,,,153,79,74,83
01103233702,3,Dys,kO\𓌂Q,,,,180,85,95,88
01103233703,3,Dys,kO\𓌂R,,,,125,67,58,70
01103233704,3,Dys,kO\𓌂S,,,,129,68,61,67
01103233705,3,Dys,kO\𓌂T,,,,158,68,90,76
01103233706,3,Dys,kO\𓌂U,,,,123,56,67,63
01103233707,3,Dys,kO\𓌂V,,,,119,55,64,54
01103233708,3,Dys,kO\𓌂W,,,,88,44,44,31
01103233709,3,Dys,kO\𓌂X,,,,141,57,84,61
01103233710,3,Dys,kO\𓌂PO,,,,138,66,72,75
01103233712,3,Dys,kO\𓌂PQ,,,,313,155,158,119
01103233713,3,Dys,kO\𓌂PR,,,,130,63,67,50
01103233714,3,Dys,kO\𓌂PS,,,,280,129,151,166
01103233715,3,Dys,kO\𓌂PT,,,,366,156,210,129
01103233716,3,Dys,kO\𓌂PU,,,,212,98,114,123
01103233717,3,Dys,kO\𓌂PV,,,,168,85,83,74
01103233718,3,Dys,kO\𓌂PW,,,,203,98,105,89
01103233719,3,Dys,kO\𓌂PX,,,,206,102,104,76
01103233720,3,Dys,kO\𓌂QO,,,,6,3,3,2
01103233721,3,Dys,kO\𓌂QP,,,,217,106,111,69
01103233722,3,Dys,kO\𓌂QQ,,,,309,160,149,119
01103233725,3,Dys,kO\𓌂QT,,,,-,-,-,-
01103233726,3,Dys,kO\𓌂QU,,,,21,12,9,8
01103233727,3,Dys,kO\𓌂QV,,,,267,138,129,98
01103233728,3,Dys,kO\𓌂QW,,,,245,107,138,120
01103233729,3,Dys,kO\𓌂QX,,,,596,280,316,220
01103233730,3,Dys,kO\𓌂RO,,,,54,23,31,19
011032338,2,Dys,kO\,,,,3596,1690,1906,1637
01103233801,3,Dys,kO\𓌂P,,,,190,98,92,106
01103233802,3,Dys,kO\𓌂Q,,,,161,80,81,87
01103233803,3,Dys,kO\𓌂R,,,,147,66,81,72
01103233804,3,Dys,kO\𓌂S,,,,114,60,54,61
01103233805,3,Dys,kO\𓌂T,,,,148,69,79,60
01103233806,3,Dys,kO\𓌂U,,,,144,67,77,77
01103233807,3,Dys,kO\𓌂V,,,,150,70,80,72
01103233808,3,Dys,kO\𓌂W,,,,59,29,30,23
01103233809,3,Dys,kO\𓌂X,,,,173,70,103,73
01103233810,3,Dys,kO\𓌂PO,,,,225,109,116,117
01103233812,3,Dys,kO\𓌂PQ,,,,213,96,117,77
01103233813,3,Dys,kO\𓌂PR,,,,399,183,216,149
01103233814,3,Dys,kO\𓌂PS,,,,461,207,254,184
01103233815,3,Dys,kO\𓌂PT,,,,40,20,20,25
01103233816,3,Dys,kO\𓌂PU,,,,179,87,92,107
01103233817,3,Dys,kO\𓌂PV,,,,141,70,71,79
01103233818,3,Dys,kO\𓌂PW,,,,179,82,97,75
01103233819,3,Dys,kO\𓌂PX,,,,91,47,44,36
01103233820,3,Dys,kO\𓌂QO,,,,267,129,138,115
01103233821,3,Dys,kO\𓌂QP,,,,115,51,64,42
011032339,2,Dys,kO\,,,,3459,1673,1786,1626
01103233901,3,Dys,kO\𓌂P,,,,319,166,153,171
01103233902,3,Dys,kO\𓌂Q,,,,175,89,86,99
01103233903,3,Dys,kO\𓌂R,,,,160,74,86,74
01103233904,3,Dys,kO\𓌂S,,,,-,-,-,-
01103233905,3,Dys,kO\𓌂T,,,,339,159,180,117
01103233906,3,Dys,kO\𓌂U,,,,209,97,112,105
01103233907,3,Dys,kO\𓌂V,,,,191,102,89,101
01103233908,3,Dys,kO\𓌂W,,,,171,79,92,88
01103233909,3,Dys,kO\𓌂X,,,,166,76,90,71
01103233910,3,Dys,kO\𓌂PO,,,,184,91,93,102
01103233912,3,Dys,kO\𓌂PQ,,,,134,61,73,52
01103233913,3,Dys,kO\𓌂PR,,,,121,54,67,55
01103233914,3,Dys,kO\𓌂PS,,,,233,112,121,92
01103233915,3,Dys,kO\𓌂PT,,,,158,69,89,60
01103233916,3,Dys,kO\𓌂PU,,,,96,43,53,50
01103233917,3,Dys,kO\𓌂PV,,,,163,78,85,106
01103233918,3,Dys,kO\𓌂PW,,,,141,73,68,67
01103233919,3,Dys,kO\𓌂PX,,,,123,58,65,56
01103233920,3,Dys,kO\𓌂QO,,,,191,90,101,84
01103233921,3,Dys,kO\𓌂QP,,,,185,102,83,76
011032340,2,Dys,kl\,,,,3969,1963,2006,1814
01103234001,3,Dys,kl\𓌂P,,,,72,39,33,36
01103234002,3,Dys,kl\𓌂Q,,,,61,38,23,42
01103234003,3,Dys,kl\𓌂R,,,,133,63,70,60
01103234004,3,Dys,kl\𓌂S,,,,201,108,93,98
01103234005,3,Dys,kl\𓌂T,,,,274,132,142,116
01103234006,3,Dys,kl\𓌂U,,,,411,198,213,185
01103234007,3,Dys,kl\𓌂V,,,,289,144,145,146
01103234008,3,Dys,kl\𓌂W,,,,184,90,94,86
01103234009,3,Dys,kl\𓌂X,,,,153,71,82,72
01103234010,3,Dys,kl\𓌂PO,,,,133,64,69,66
01103234012,3,Dys,kl\𓌂PQ,,,,169,83,86,62
01103234013,3,Dys,kl\𓌂PR,,,,177,85,92,55
01103234014,3,Dys,kl\𓌂PS,,,,308,148,160,139
01103234015,3,Dys,kl\𓌂PT,,,,186,97,89,83
01103234016,3,Dys,kl\𓌂PU,,,,252,123,129,123
01103234017,3,Dys,kl\𓌂PV,,,,332,160,172,154
01103234018,3,Dys,kl\𓌂PW,,,,300,147,153,127
01103234019,3,Dys,kl\𓌂PX,,,,167,88,79,95
01103234020,3,Dys,kl\𓌂QO,,,,167,85,82,69
011032341,2,Dys,kl\,,,,3486,1611,1875,1602
01103234101,3,Dys,kl\𓌂P,,,,350,160,190,154
01103234102,3,Dys,kl\𓌂Q,,,,242,118,124,145
01103234103,3,Dys,kl\𓌂R,,,,148,69,79,72
01103234104,3,Dys,kl\𓌂S,,,,293,137,156,134
01103234105,3,Dys,kl\𓌂T,,,,265,115,150,112
01103234106,3,Dys,kl\𓌂U,,,,315,141,174,118
01103234107,3,Dys,kl\𓌂V,,,,206,103,103,110
01103234108,3,Dys,kl\𓌂W,,,,121,59,62,67
01103234109,3,Dys,kl\𓌂X,,,,7,3,4,5
01103234110,3,Dys,kl\𓌂PO,,,,-,-,-,-
01103234112,3,Dys,kl\𓌂PQ,,,,172,82,90,77
01103234113,3,Dys,kl\𓌂PR,,,,150,70,80,67
01103234114,3,Dys,kl\𓌂PS,,,,89,40,49,35
01103234115,3,Dys,kl\𓌂PT,,,,337,155,182,181
01103234116,3,Dys,kl\𓌂PU,,,,381,178,203,158
01103234117,3,Dys,kl\𓌂PV,,,,204,93,111,74
01103234118,3,Dys,kl\𓌂PW,,,,-,-,-,-
01103234119,3,Dys,kl\𓌂PX,,,,28,15,13,10
01103234120,3,Dys,kl\𓌂QO,,,,178,73,105,83
011032342,2,Dys,kl\,,,,3757,1726,2031,1812
01103234201,3,Dys,kl\𓌂P,,,,464,223,241,313
01103234202,3,Dys,kl\𓌂Q,,,,223,113,110,121
01103234203,3,Dys,kl\𓌂R,,,,126,64,62,62
01103234204,3,Dys,kl\𓌂S,,,,190,89,101,85
01103234205,3,Dys,kl\𓌂T,,,,275,120,155,123
01103234206,3,Dys,kl\𓌂U,,,,185,85,100,91
01103234207,3,Dys,kl\𓌂V,,,,-,-,-,-
01103234208,3,Dys,kl\𓌂W,,,,68,30,38,32
01103234209,3,Dys,kl\𓌂X,,,,120,61,59,59
01103234210,3,Dys,kl\𓌂PO,,,,5,2,3,2
01103234212,3,Dys,kl\𓌂PQ,,,,241,106,135,110
01103234213,3,Dys,kl\𓌂PR,,,,198,89,109,91
01103234214,3,Dys,kl\𓌂PS,,,,356,161,195,138
01103234215,3,Dys,kl\𓌂PT,,,,72,36,36,35
01103234216,3,Dys,kl\𓌂PU,,,,98,46,52,51
01103234217,3,Dys,kl\𓌂PV,,,,752,330,422,343
01103234218,3,Dys,kl\𓌂PW,,,,384,171,213,156
01103234219,3,Dys,kl\𓌂PX,,,,-,-,-,-
011032343,2,Dys,kl\O,,,,4426,2087,2339,2014
01103234301,3,Dys,kl\O𓌂P,,,,305,139,166,161
01103234302,3,Dys,kl\O𓌂Q,,,,305,158,147,157
01103234303,3,Dys,kl\O𓌂R,,,,172,88,84,93
01103234304,3,Dys,kl\O𓌂S,,,,199,91,108,78
01103234305,3,Dys,kl\O𓌂T,,,,218,103,115,93
01103234306,3,Dys,kl\O𓌂U,,,,200,98,102,94
01103234307,3,Dys,kl\O𓌂V,,,,164,79,85,73
01103234308,3,Dys,kl\O𓌂W,,,,173,81,92,77
01103234309,3,Dys,kl\O𓌂X,,,,197,89,108,80
01103234310,3,Dys,kl\O𓌂PO,,,,120,60,60,47
01103234312,3,Dys,kl\O𓌂PQ,,,,167,86,81,79
01103234313,3,Dys,kl\O𓌂PR,,,,272,138,134,111
01103234314,3,Dys,kl\O𓌂PS,,,,319,139,180,130
01103234315,3,Dys,kl\O𓌂PT,,,,465,212,253,233
01103234316,3,Dys,kl\O𓌂PU,,,,284,124,160,146
01103234317,3,Dys,kl\O𓌂PV,,,,533,239,294,213
01103234318,3,Dys,kl\O𓌂PW,,,,191,86,105,86
01103234319,3,Dys,kl\O𓌂PX,,,,142,77,65,63
011032344,2,Dys,kl\l,,,,2749,1312,1437,1255
01103234401,3,Dys,kl\l𓌂P,,,,103,53,50,46
01103234402,3,Dys,kl\l𓌂Q,,,,368,178,190,179
01103234403,3,Dys,kl\l𓌂R,,,,137,77,60,66
01103234404,3,Dys,kl\l𓌂S,,,,174,83,91,72
01103234405,3,Dys,kl\l𓌂T,,,,238,102,136,91
01103234406,3,Dys,kl\l𓌂U,,,,147,68,79,56
01103234407,3,Dys,kl\l𓌂V,,,,168,76,92,60
01103234408,3,Dys,kl\l𓌂W,,,,87,43,44,31
01103234409,3,Dys,kl\l𓌂X,,,,231,115,116,100
01103234410,3,Dys,kl\l𓌂PO,,,,163,80,83,69
01103234412,3,Dys,kl\l𓌂PQ,,,,115,53,62,62
01103234413,3,Dys,kl\l𓌂PR,,,,162,81,81,89
01103234414,3,Dys,kl\l𓌂PS,,,,309,144,165,186
01103234415,3,Dys,kl\l𓌂PT,,,,347,159,188,148
011032345,2,Dys,kl\܏,,,,2793,1325,1468,1257
01103234501,3,Dys,kl\܏𓌂P,,,,123,58,65,60
01103234502,3,Dys,kl\܏𓌂Q,,,,210,104,106,109
01103234503,3,Dys,kl\܏𓌂R,,,,89,45,44,31
01103234504,3,Dys,kl\܏𓌂S,,,,27,13,14,12
01103234505,3,Dys,kl\܏𓌂T,,,,235,108,127,108
01103234506,3,Dys,kl\܏𓌂U,,,,151,76,75,64
01103234507,3,Dys,kl\܏𓌂V,,,,248,118,130,101
01103234508,3,Dys,kl\܏𓌂W,,,,196,89,107,85
01103234509,3,Dys,kl\܏𓌂X,,,,76,35,41,28
01103234510,3,Dys,kl\܏𓌂PO,,,,179,85,94,67
01103234512,3,Dys,kl\܏𓌂PQ,,,,168,73,95,82
01103234513,3,Dys,kl\܏𓌂PR,,,,193,86,107,86
01103234514,3,Dys,kl\܏𓌂PS,,,,143,69,74,46
01103234515,3,Dys,kl\܏𓌂PT,,,,221,111,110,137
01103234516,3,Dys,kl\܏𓌂PU,,,,74,32,42,28
01103234517,3,Dys,kl\܏𓌂PV,,,,244,124,120,124
01103234518,3,Dys,kl\܏𓌂PW,,,,178,82,96,72
01103234519,3,Dys,kl\܏𓌂PX,,,,38,17,21,17
011032346,2,Dys,kl\Z,,,,2879,1373,1506,1176
01103234601,3,Dys,kl\Z𓌂P,,,,157,68,89,65
01103234602,3,Dys,kl\Z𓌂Q,,,,237,110,127,100
01103234603,3,Dys,kl\Z𓌂R,,,,203,100,103,86
01103234604,3,Dys,kl\Z𓌂S,,,,208,96,112,85
01103234605,3,Dys,kl\Z𓌂T,,,,90,46,44,32
01103234606,3,Dys,kl\Z𓌂U,,,,-,-,-,-
01103234607,3,Dys,kl\Z𓌂V,,,,179,88,91,74
01103234608,3,Dys,kl\Z𓌂W,,,,178,93,85,72
01103234609,3,Dys,kl\Z𓌂X,,,,236,107,129,107
01103234610,3,Dys,kl\Z𓌂PO,,,,217,100,117,86
01103234612,3,Dys,kl\Z𓌂PQ,,,,157,76,81,61
01103234613,3,Dys,kl\Z𓌂PR,,,,-,-,-,-
01103234614,3,Dys,kl\Z𓌂PS,,,,148,69,79,50
01103234615,3,Dys,kl\Z𓌂PT,,,,197,94,103,68
01103234616,3,Dys,kl\Z𓌂PU,,,,372,173,199,130
01103234617,3,Dys,kl\Z𓌂PV,,,,161,79,82,94
01103234618,3,Dys,kl\Z𓌂PW,,,,90,45,45,37
01103234619,3,Dys,kl\Z𓌂PX,,,,49,29,20,29
011032347,2,Dys,kl\,,,,2919,1404,1515,1161
01103234701,3,Dys,kl\𓌂P,,,,119,63,56,42
01103234702,3,Dys,kl\𓌂Q,,,,157,82,75,81
01103234703,3,Dys,kl\𓌂R,,,,165,72,93,58
01103234704,3,Dys,kl\𓌂S,,,,227,105,122,93
01103234705,3,Dys,kl\𓌂T,,,,17,6,11,7
01103234706,3,Dys,kl\𓌂U,,,,-,-,-,-
01103234707,3,Dys,kl\𓌂V,,,,120,62,58,49
01103234708,3,Dys,kl\𓌂W,,,,107,60,47,45
01103234709,3,Dys,kl\𓌂X,,,,117,58,59,46
01103234710,3,Dys,kl\𓌂PO,,,,346,165,181,133
01103234713,3,Dys,kl\𓌂PR,,,,312,153,159,120
01103234714,3,Dys,kl\𓌂PS,,,,204,98,106,89
01103234715,3,Dys,kl\𓌂PT,,,,148,71,77,60
01103234716,3,Dys,kl\𓌂PU,,,,33,17,16,13
01103234717,3,Dys,kl\𓌂PV,,,,397,183,214,134
01103234718,3,Dys,kl\𓌂PW,,,,353,166,187,148
01103234719,3,Dys,kl\𓌂PX,,,,97,43,54,43
011032348,2,Dys,kl\,,,,1917,929,988,874
01103234801,3,Dys,kl\𓌂P,,,,93,48,45,37
01103234802,3,Dys,kl\𓌂Q,,,,171,69,102,70
01103234803,3,Dys,kl\𓌂R,,,,53,31,22,26
01103234804,3,Dys,kl\𓌂S,,,,240,111,129,96
01103234805,3,Dys,kl\𓌂T,,,,59,33,26,27
01103234806,3,Dys,kl\𓌂U,,,,143,66,77,72
01103234807,3,Dys,kl\𓌂V,,,,149,76,73,59
01103234808,3,Dys,kl\𓌂W,,,,25,11,14,8
01103234809,3,Dys,kl\𓌂X,,,,89,38,51,36
01103234810,3,Dys,kl\𓌂PO,,,,135,63,72,66
01103234813,3,Dys,kl\𓌂PR,,,,60,27,33,25
01103234814,3,Dys,kl\𓌂PS,,,,114,60,54,46
01103234815,3,Dys,kl\𓌂PT,,,,99,50,49,58
01103234816,3,Dys,kl\𓌂PU,,,,154,67,87,70
01103234817,3,Dys,kl\𓌂PV,,,,77,43,34,41
01103234818,3,Dys,kl\𓌂PW,,,,147,77,70,83
01103234819,3,Dys,kl\𓌂PX,,,,109,59,50,54
011032349,2,Dys,kl\,,,,2714,1319,1395,1116
01103234902,3,Dys,kl\𓌂Q,,,,154,77,77,78
01103234903,3,Dys,kl\𓌂R,,,,211,101,110,90
01103234904,3,Dys,kl\𓌂S,,,,128,65,63,68
01103234905,3,Dys,kl\𓌂T,,,,89,45,44,33
01103234906,3,Dys,kl\𓌂U,,,,153,78,75,55
01103234907,3,Dys,kl\𓌂V,,,,-,-,-,-
01103234908,3,Dys,kl\𓌂W,,,,267,125,142,110
01103234909,3,Dys,kl\𓌂X,,,,285,135,150,116
01103234910,3,Dys,kl\𓌂PO,,,,363,169,194,144
01103234913,3,Dys,kl\𓌂PR,,,,322,149,173,135
01103234914,3,Dys,kl\𓌂PS,,,,432,217,215,163
01103234915,3,Dys,kl\𓌂PT,,,,107,56,51,38
01103234916,3,Dys,kl\𓌂PU,,,,114,60,54,50
01103234917,3,Dys,kl\𓌂PV,,,,89,42,47,36
011032350,2,Dys,k܏\,,,,1922,922,1000,794
01103235002,3,Dys,k܏\𓌂Q,,,,244,120,124,102
01103235003,3,Dys,k܏\𓌂R,,,,129,57,72,63
01103235004,3,Dys,k܏\𓌂S,,,,134,57,77,62
01103235005,3,Dys,k܏\𓌂T,,,,162,81,81,71
01103235006,3,Dys,k܏\𓌂U,,,,158,77,81,70
01103235007,3,Dys,k܏\𓌂V,,,,323,154,169,131
01103235008,3,Dys,k܏\𓌂W,,,,8,5,3,4
01103235009,3,Dys,k܏\𓌂X,,,,222,104,118,80
01103235010,3,Dys,k܏\𓌂PO,,,,42,23,19,17
01103235013,3,Dys,k܏\𓌂PR,,,,68,33,35,31
01103235014,3,Dys,k܏\𓌂PS,,,,140,64,76,51
01103235015,3,Dys,k܏\𓌂PT,,,,292,147,145,112
011032351,2,Dys,k܏\,,,,1713,789,924,693
01103235102,3,Dys,k܏\𓌂Q,,,,127,55,72,54
01103235103,3,Dys,k܏\𓌂R,,,,171,78,93,71
01103235104,3,Dys,k܏\𓌂S,,,,138,66,72,61
01103235105,3,Dys,k܏\𓌂T,,,,204,93,111,74
01103235106,3,Dys,k܏\𓌂U,,,,267,121,146,103
01103235107,3,Dys,k܏\𓌂V,,,,378,178,200,167
01103235108,3,Dys,k܏\𓌂W,,,,66,33,33,26
01103235109,3,Dys,k܏\𓌂X,,,,162,73,89,65
01103235110,3,Dys,k܏\𓌂PO,,,,26,10,16,10
01103235114,3,Dys,k܏\𓌂PS,,,,105,49,56,40
01103235115,3,Dys,k܏\𓌂PT,,,,69,33,36,22
