KEY_CODE,HYOSYO,CITYNAME,NAME,HTKSYORI,HTKSAKI,GASSAN,T000572001,T000572002,T000572003,T000572004
,,,,,,,l,j,,ё
01236,1,kls,,,,,48032,22515,25517,18412
012360010,2,kls,dl,,,,9891,4697,5194,4207
01236001001,3,kls,dlP,,,,751,370,381,370
01236001002,3,kls,dlQ,,,,2434,1135,1299,1116
01236001003,3,kls,dlR,,,,1133,539,594,471
01236001004,3,kls,dlS,,,,2316,1109,1207,950
01236001005,3,kls,dlT,,,,577,271,306,218
01236001006,3,kls,dlU,,,,335,168,167,140
01236001007,3,kls,dlV,,,,916,420,496,373
01236001008,3,kls,dlW,,,,1429,685,744,569
012360090,2,kls,Ǖ,,,,4950,2355,2595,1817
01236009001,3,kls,ǕP,,,,1069,504,565,407
01236009002,3,kls,ǕQ,,,,2645,1271,1374,915
01236009003,3,kls,ǕR,,,,357,175,182,152
01236009004,3,kls,ǕS,,,,879,405,474,343
012360110,2,kls,Ǖ,,,,445,164,281,101
012360120,2,kls,v,,,,6002,2762,3240,2388
01236012001,3,kls,vʂP,,,,1634,722,912,661
01236012002,3,kls,vʂQ,,,,1316,602,714,546
01236012003,3,kls,vʂR,,,,455,224,231,176
01236012004,3,kls,vʂS,,,,1769,808,961,693
01236012005,3,kls,vʂT,,,,828,406,422,312
012360180,2,kls,l,,,,2455,1180,1275,1010
01236018001,3,kls,lP,,,,1146,546,600,471
01236018002,3,kls,lQ,,,,1309,634,675,539
012360200,2,kls,,,,,878,390,488,373
01236020001,3,kls,P,,,,228,100,128,95
01236020002,3,kls,Q,,,,397,178,219,167
01236020003,3,kls,R,,,,253,112,141,111
012360230,2,kls,,,,,2400,1120,1280,869
01236023001,3,kls,ʂP,,,,1061,471,590,414
01236023002,3,kls,ʂQ,,,,393,181,212,155
01236023003,3,kls,ʂR,,,,946,468,478,300
012360260,2,kls,,,,,232,111,121,83
012360270,2,kls,ѐ,,,,754,352,402,314
01236027001,3,kls,ѐP,,,,404,194,210,158
01236027002,3,kls,ѐQ,,,,232,102,130,98
01236027003,3,kls,ѐR,,,,118,56,62,58
012360300,2,kls,,,,,1684,773,911,606
01236030001,3,kls,ՂP,,,,944,437,507,334
01236030002,3,kls,ՂQ,,,,368,170,198,145
01236030003,3,kls,ՂR,,,,372,166,206,127
012360330,2,kls,a,,,,387,199,188,164
01236033001,3,kls,aP,,,,109,52,57,45
01236033002,3,kls,aQ,,,,278,147,131,119
012360350,2,kls,,,,,271,123,148,113
012360360,2,kls,H,,,,156,72,84,52
012360370,2,kls,,,,,88,43,45,34
012360380,2,kls,YR,,,,213,69,144,51
012360390,2,kls,,,,,141,67,74,47
012360400,2,kls,,,,,120,40,80,27
012360410,2,kls,,,,,426,210,216,144
012360420,2,kls,JD,,,,1714,797,917,629
01236042001,3,kls,JDP,,,,-,-,-,-
01236042002,3,kls,JDQ,,,,801,394,407,266
01236042003,3,kls,JDR,,,,656,288,368,265
01236042004,3,kls,JDS,,,,257,115,142,98
012360460,2,kls,,,,,217,98,119,65
012360470,2,kls,,,,,62,28,34,22
012360480,2,kls,OD,,,,65,29,36,27
012360490,2,kls,x쒬,,,,-,-,-,-
012360500,2,kls,x,,,,681,303,378,282
01236050001,3,kls,xP,,,,140,62,78,53
01236050002,3,kls,xQ,,,,541,241,300,229
012360520,2,kls,ٖ,,,,6,3,3,3
012360530,2,kls,ΕӒn,,,,92,39,53,40
012360540,2,kls,,,,,492,301,191,53
012360550,2,kls,Oc,,,,78,52,26,48
012360560,2,kls,s,,,,21,11,10,10
012360570,2,kls,ΕӒnsmn,,,,45,20,25,21
012360580,2,kls,H,,,,467,218,249,183
01236058001,3,kls,HP,,,,317,146,171,129
01236058002,3,kls,HQ,,,,150,72,78,54
012360590,2,kls,,,,,356,168,188,137
01236059001,3,kls,P,,,,126,65,61,44
01236059002,3,kls,Q,,,,230,103,127,93
012360600,2,kls,ΕӒn,,,,1140,526,614,521
01236060001,3,kls,ΕӒnP,,,,227,111,116,111
01236060002,3,kls,ΕӒnQ,,,,291,130,161,139
01236060003,3,kls,ΕӒnR,,,,240,108,132,106
01236060004,3,kls,ΕӒnS,,,,159,63,96,73
01236060005,3,kls,ΕӒnT,,,,223,114,109,92
012360610,2,kls,,,,,413,188,225,186
01236061001,3,kls,ʂP,,,,97,43,54,43
01236061002,3,kls,ʂQ,,,,103,44,59,49
01236061003,3,kls,ʂR,,,,119,57,62,48
01236061004,3,kls,ʂS,,,,94,44,50,46
012360620,2,kls,Oc,,,,129,58,71,53
01236062001,3,kls,Oc΂P,,,,47,19,28,20
01236062002,3,kls,Oc΂Q,,,,82,39,43,33
012360631,2,kls,{,,,,917,434,483,384
01236063101,3,kls,{P,,,,492,245,247,208
01236063102,3,kls,{Q,,,,425,189,236,176
012360632,2,kls,{,,,,2126,993,1133,775
012360640,2,kls,{,,,,839,404,435,342
012360650,2,kls,sn,,,,1366,624,742,512
012360660,2,kls,R,,,,33,19,14,9
012360670,2,kls,R,,,,7,4,3,5
012360680,2,kls,,,,,170,83,87,58
012360690,2,kls,,,,,183,94,89,59
012360700,2,kls,ד,,,,153,70,83,52
012360710,2,kls,J,,,,454,209,245,137
012360720,2,kls,O,,,,628,284,344,200
012360730,2,kls,,,,,175,73,102,60
012360740,2,kls,{,,,,315,154,161,105
012360750,2,kls,c,,,,386,162,224,142
012360760,2,kls,,,,,433,184,249,118
012360770,2,kls,,,,,122,54,68,40
012360781,2,kls,,,,,1681,836,845,578
01236078101,3,kls,P,,,,799,397,402,265
01236078102,3,kls,Q,,,,714,350,364,254
01236078103,3,kls,R,,,,168,89,79,59
012360782,2,kls,,,,,276,123,153,34
012360790,2,kls,,,,,172,86,86,76
012360800,2,kls,,,,,125,59,66,46
