KEY_CODE,HYOSYO,CITYNAME,NAME,HTKSYORI,HTKSAKI,GASSAN,T000572001,T000572002,T000572003,T000572004
,,,,,,,l,j,,ё
01104,1,Dys΋,,,,,204259,96974,107285,100444
011040101,2,Dys΋,e,,,,3032,1334,1698,1746
01104010101,3,Dys΋,eP,,,,755,328,427,533
01104010102,3,Dys΋,eQ,,,,835,369,466,431
01104010103,3,Dys΋,eR,,,,342,147,195,197
01104010104,3,Dys΋,eS,,,,1100,490,610,585
011040102,2,Dys΋,e,,,,1627,718,909,1088
01104010201,3,Dys΋,eP,,,,793,344,449,549
01104010202,3,Dys΋,eQ,,,,424,191,233,288
01104010203,3,Dys΋,eR,,,,410,183,227,251
011040103,2,Dys΋,eO,,,,2787,1270,1517,1803
01104010301,3,Dys΋,eOP,,,,529,220,309,386
01104010302,3,Dys΋,eOQ,,,,539,229,310,341
01104010303,3,Dys΋,eOR,,,,329,154,175,265
01104010304,3,Dys΋,eOS,,,,519,260,259,365
01104010305,3,Dys΋,eOT,,,,871,407,464,446
011040104,2,Dys΋,el,,,,1563,715,848,995
01104010401,3,Dys΋,elP,,,,505,222,283,297
01104010402,3,Dys΋,elQ,,,,515,245,270,370
01104010403,3,Dys΋,elR,,,,543,248,295,328
011040105,2,Dys΋,e܏,,,,1788,798,990,1120
01104010501,3,Dys΋,e܏P,,,,986,437,549,612
01104010502,3,Dys΋,e܏Q,,,,334,149,185,209
01104010503,3,Dys΋,e܏R,,,,468,212,256,299
011040106,2,Dys΋,eZ,,,,1625,763,862,970
01104010601,3,Dys΋,eZP,,,,495,234,261,265
01104010602,3,Dys΋,eZQ,,,,892,421,471,576
01104010603,3,Dys΋,eZR,,,,165,72,93,74
01104010604,3,Dys΋,eZS,,,,73,36,37,55
011040107,2,Dys΋,e,,,,2188,1020,1168,1184
01104010701,3,Dys΋,eP,,,,407,193,214,245
01104010702,3,Dys΋,eQ,,,,616,296,320,336
01104010703,3,Dys΋,eR,,,,559,255,304,259
01104010704,3,Dys΋,eS,,,,606,276,330,344
011040108,2,Dys΋,e,,,,1917,891,1026,887
01104010801,3,Dys΋,eP,,,,244,112,132,120
01104010802,3,Dys΋,eQ,,,,436,199,237,222
01104010803,3,Dys΋,eR,,,,536,259,277,264
01104010804,3,Dys΋,eS,,,,701,321,380,281
011040109,2,Dys΋,e,,,,1979,962,1017,901
01104010901,3,Dys΋,eP,,,,406,192,214,213
01104010902,3,Dys΋,eQ,,,,248,124,124,99
01104010903,3,Dys΋,eR,,,,490,242,248,249
01104010904,3,Dys΋,eS,,,,835,404,431,340
011040501,2,Dys΋,e㒬,,,,1730,848,882,765
01104050101,3,Dys΋,e㒬P,,,,899,436,463,395
01104050102,3,Dys΋,e㒬Q,,,,628,313,315,257
01104050103,3,Dys΋,e㒬R,,,,108,49,59,55
01104050104,3,Dys΋,e㒬S,,,,95,50,45,58
011040502,2,Dys΋,e㒬,,,,1220,596,624,622
01104050201,3,Dys΋,e㒬P,,,,278,138,140,147
01104050202,3,Dys΋,e㒬Q,,,,363,175,188,192
01104050203,3,Dys΋,e㒬R,,,,195,94,101,100
01104050204,3,Dys΋,e㒬S,,,,384,189,195,183
011040503,2,Dys΋,e㒬O,,,,857,406,451,406
01104050301,3,Dys΋,e㒬OP,,,,127,59,68,63
01104050302,3,Dys΋,e㒬OQ,,,,190,94,96,90
01104050303,3,Dys΋,e㒬OR,,,,540,253,287,253
01104050304,3,Dys΋,e㒬OS,,,,-,-,-,-
011040504,2,Dys΋,e㒬l,,,,871,401,470,374
01104050401,3,Dys΋,e㒬lP,,,,331,150,181,160
01104050402,3,Dys΋,e㒬lQ,,,,295,151,144,136
01104050403,3,Dys΋,e㒬lR,,,,198,81,117,62
01104050404,3,Dys΋,e㒬lS,,,,47,19,28,16
011040601,2,Dys΋,e,,,,1683,860,823,727
01104060101,3,Dys΋,eP,,,,656,334,322,283
01104060102,3,Dys΋,eQ,,,,150,80,70,69
01104060103,3,Dys΋,eR,,,,80,37,43,33
01104060104,3,Dys΋,eS,,,,418,216,202,177
01104060105,3,Dys΋,eT,,,,379,193,186,165
011040602,2,Dys΋,e,,,,1675,798,877,709
01104060201,3,Dys΋,eP,,,,533,245,288,222
01104060202,3,Dys΋,eQ,,,,259,131,128,101
01104060203,3,Dys΋,eR,,,,179,82,97,80
01104060204,3,Dys΋,eS,,,,278,132,146,110
01104060205,3,Dys΋,eT,,,,426,208,218,196
011040603,2,Dys΋,eO,,,,602,300,302,250
01104060301,3,Dys΋,eOP,,,,186,96,90,81
01104060302,3,Dys΋,eOQ,,,,33,14,19,12
01104060303,3,Dys΋,eOR,,,,45,22,23,19
01104060304,3,Dys΋,eOS,,,,26,12,14,12
01104060305,3,Dys΋,eOT,,,,312,156,156,126
011040604,2,Dys΋,el,,,,642,317,325,292
01104060401,3,Dys΋,elP,,,,311,150,161,127
01104060402,3,Dys΋,elQ,,,,331,167,164,165
01104060403,3,Dys΋,elR,,,,-,-,-,-
011040605,2,Dys΋,e܏,,,,1322,650,672,491
01104060501,3,Dys΋,e܏P,,,,600,306,294,249
01104060502,3,Dys΋,e܏Q,,,,502,238,264,192
01104060503,3,Dys΋,e܏R,,,,220,106,114,50
011040606,2,Dys΋,eZ,,,,1744,860,884,745
01104060601,3,Dys΋,eZP,,,,534,268,266,245
01104060602,3,Dys΋,eZQ,,,,453,210,243,190
01104060603,3,Dys΋,eZR,,,,372,182,190,150
01104060604,3,Dys΋,eZS,,,,385,200,185,160
011040607,2,Dys΋,e,,,,1750,894,856,783
01104060701,3,Dys΋,eP,,,,577,291,286,234
01104060702,3,Dys΋,eQ,,,,548,280,268,252
01104060703,3,Dys΋,eR,,,,152,78,74,64
01104060704,3,Dys΋,eS,,,,473,245,228,233
011040608,2,Dys΋,e,,,,2139,1035,1104,940
01104060801,3,Dys΋,eP,,,,835,403,432,383
01104060802,3,Dys΋,eQ,,,,938,459,479,401
01104060803,3,Dys΋,eR,,,,366,173,193,156
011040609,2,Dys΋,e,,,,1315,658,657,561
01104060901,3,Dys΋,eP,,,,628,316,312,295
01104060902,3,Dys΋,eQ,,,,687,342,345,266
011040610,2,Dys΋,e\,,,,253,131,122,94
011040800,2,Dys΋,ė,,,,-,-,-,-
011040900,2,Dys΋,ė,,,,705,353,352,284
011041001,2,Dys΋,,,,,3335,1628,1707,1626
01104100101,3,Dys΋,P,,,,36,20,16,22
01104100102,3,Dys΋,Q,,,,274,128,146,129
01104100103,3,Dys΋,R,,,,342,173,169,152
01104100104,3,Dys΋,S,,,,524,248,276,252
01104100105,3,Dys΋,T,,,,803,391,412,402
01104100106,3,Dys΋,U,,,,750,375,375,390
01104100107,3,Dys΋,V,,,,606,293,313,279
011041002,2,Dys΋,,,,,2816,1361,1455,1329
01104100201,3,Dys΋,P,,,,320,160,160,156
01104100202,3,Dys΋,Q,,,,339,150,189,150
01104100203,3,Dys΋,R,,,,282,135,147,146
01104100204,3,Dys΋,S,,,,330,165,165,170
01104100205,3,Dys΋,T,,,,626,299,327,281
01104100206,3,Dys΋,U,,,,699,345,354,320
01104100207,3,Dys΋,V,,,,220,107,113,106
011041003,2,Dys΋,O,,,,1366,697,669,519
01104100301,3,Dys΋,OP,,,,179,93,86,93
01104100302,3,Dys΋,OQ,,,,172,79,93,83
01104100303,3,Dys΋,OR,,,,193,91,102,77
01104100304,3,Dys΋,OS,,,,105,50,55,51
01104100305,3,Dys΋,OT,,,,453,239,214,103
01104100306,3,Dys΋,OU,,,,264,145,119,112
011041200,2,Dys΋,{,,,,9112,4404,4708,4821
01104120001,3,Dys΋,{ʂPړ,,,,374,182,192,214
01104120002,3,Dys΋,{ʂQړ,,,,613,287,326,296
01104120003,3,Dys΋,{ʂRړ,,,,674,326,348,330
01104120004,3,Dys΋,{ʂSړ,,,,496,244,252,266
01104120005,3,Dys΋,{ʂTړ,,,,367,169,198,167
01104120006,3,Dys΋,{ʂUړ,,,,257,120,137,112
01104120007,3,Dys΋,{ʂVړ,,,,68,34,34,40
01104120008,3,Dys΋,{ʂWړ,,,,332,172,160,184
01104120009,3,Dys΋,{ʂXړ,,,,498,227,271,270
01104120010,3,Dys΋,{ʂPOړ,,,,514,231,283,259
01104120011,3,Dys΋,{ʂPPړ,,,,486,234,252,307
01104120012,3,Dys΋,{ʂPQړ,,,,576,294,282,300
01104120013,3,Dys΋,{ʂPRړ,,,,579,295,284,353
01104120014,3,Dys΋,{ʂPSړ,,,,448,231,217,267
01104120015,3,Dys΋,{ʂPTړ,,,,751,364,387,327
01104120016,3,Dys΋,{ʂPUړ,,,,338,162,176,205
01104120017,3,Dys΋,{ʂPVړ,,,,905,460,445,504
01104120018,3,Dys΋,{ʂPWړ,,,,147,67,80,97
01104120019,3,Dys΋,{ʂPXړ,,,,671,295,376,308
01104120020,3,Dys΋,{ʂQOړ,,,,18,10,8,15
01104120021,3,Dys΋,{ʂQPړ,,,,-,-,-,-
011041300,2,Dys΋,{,,,,7163,3403,3760,3251
01104130001,3,Dys΋,{ʂPږk,,,,152,66,86,76
01104130002,3,Dys΋,{ʂQږk,,,,500,239,261,225
01104130003,3,Dys΋,{ʂRږk,,,,675,310,365,342
01104130004,3,Dys΋,{ʂSږk,,,,627,298,329,314
01104130005,3,Dys΋,{ʂTږk,,,,195,104,91,104
01104130006,3,Dys΋,{ʂUږk,,,,260,128,132,125
01104130007,3,Dys΋,{ʂVږk,,,,123,63,60,59
01104130008,3,Dys΋,{ʂWږk,,,,393,180,213,165
01104130009,3,Dys΋,{ʂXږk,,,,261,128,133,120
01104130010,3,Dys΋,{ʂPOږk,,,,242,113,129,118
01104130011,3,Dys΋,{ʂPPږk,,,,163,72,91,78
01104130012,3,Dys΋,{ʂPQږk,,,,123,58,65,61
01104130013,3,Dys΋,{ʂPRږk,,,,299,142,157,146
01104130014,3,Dys΋,{ʂPSږk,,,,478,225,253,156
01104130015,3,Dys΋,{ʂPTږk,,,,179,85,94,77
01104130016,3,Dys΋,{ʂPUږk,,,,774,367,407,314
01104130017,3,Dys΋,{ʂPVږk,,,,1584,758,826,699
01104130018,3,Dys΋,{ʂPWږk,,,,135,67,68,72
01104130019,3,Dys΋,{ʂPXږk,,,,-,-,-,-
01104130020,3,Dys΋,{ʂQOږk,,,,-,-,-,-
01104130021,3,Dys΋,{ʂQPږk,,,,-,-,-,-
011041500,2,Dys΋,a,,,,4360,2047,2313,1987
01104150001,3,Dys΋,aʂPړ,,,,300,139,161,118
01104150002,3,Dys΋,aʂQړ,,,,651,305,346,361
01104150003,3,Dys΋,aʂRړ,,,,268,117,151,117
01104150004,3,Dys΋,aʂSړ,,,,320,131,189,129
01104150005,3,Dys΋,aʂTړ,,,,71,34,37,47
01104150006,3,Dys΋,aʂUړ,,,,550,267,283,243
01104150007,3,Dys΋,aʂVړ,,,,324,140,184,113
01104150008,3,Dys΋,aʂWړ,,,,363,185,178,153
01104150009,3,Dys΋,aʂXړ,,,,135,62,73,68
01104150010,3,Dys΋,aʂPOړ,,,,299,148,151,129
01104150011,3,Dys΋,aʂPPړ,,,,215,106,109,104
01104150012,3,Dys΋,aʂPQړ,,,,198,92,106,92
01104150013,3,Dys΋,aʂPRړ,,,,174,78,96,94
01104150014,3,Dys΋,aʂPSړ,,,,58,26,32,37
01104150015,3,Dys΋,aʂPTړ,,,,45,23,22,14
01104150016,3,Dys΋,aʂPUړ,,,,-,-,-,-
01104150017,3,Dys΋,aʂPVړ,,,,389,194,195,168
011041600,2,Dys΋,a,,,,11460,5593,5867,5149
01104160001,3,Dys΋,aʂPږk,,,,1757,897,860,759
01104160002,3,Dys΋,aʂQږk,,,,1401,667,734,702
01104160003,3,Dys΋,aʂRږk,,,,507,242,265,244
01104160004,3,Dys΋,aʂSږk,,,,596,270,326,282
01104160005,3,Dys΋,aʂTږk,,,,735,354,381,341
01104160006,3,Dys΋,aʂUږk,,,,757,380,377,327
01104160007,3,Dys΋,aʂVږk,,,,952,472,480,407
01104160008,3,Dys΋,aʂWږk,,,,384,184,200,171
01104160009,3,Dys΋,aʂXږk,,,,831,411,420,355
01104160010,3,Dys΋,aʂPOږk,,,,668,313,355,283
01104160011,3,Dys΋,aʂPPږk,,,,404,196,208,192
01104160012,3,Dys΋,aʂPQږk,,,,306,153,153,146
01104160013,3,Dys΋,aʂPRږk,,,,83,39,44,35
01104160014,3,Dys΋,aʂPSږk,,,,8,4,4,4
01104160015,3,Dys΋,aʂPTږk,,,,811,409,402,335
01104160016,3,Dys΋,aʂPUږk,,,,528,246,282,231
01104160017,3,Dys΋,aʂPVږk,,,,732,356,376,335
011041700,2,Dys΋,{,,,,5905,2608,3297,3415
01104170001,3,Dys΋,{ʂPړ,,,,739,344,395,409
01104170002,3,Dys΋,{ʂQړ,,,,338,163,175,211
01104170003,3,Dys΋,{ʂRړ,,,,580,237,343,282
01104170004,3,Dys΋,{ʂSړ,,,,80,40,40,47
01104170005,3,Dys΋,{ʂTړ,,,,542,258,284,281
01104170006,3,Dys΋,{ʂUړ,,,,375,165,210,292
01104170007,3,Dys΋,{ʂVړ,,,,509,191,318,247
01104170008,3,Dys΋,{ʂWړ,,,,678,299,379,464
01104170009,3,Dys΋,{ʂXړ,,,,740,334,406,388
01104170010,3,Dys΋,{ʂPOړ,,,,353,146,207,212
01104170011,3,Dys΋,{ʂPPړ,,,,271,121,150,174
01104170012,3,Dys΋,{ʂPQړ,,,,296,130,166,173
01104170013,3,Dys΋,{ʂPRړ,,,,404,180,224,235
011041800,2,Dys΋,{,,,,6668,3134,3534,3867
01104180001,3,Dys΋,{ʂPږk,,,,641,298,343,341
01104180002,3,Dys΋,{ʂQږk,,,,583,282,301,304
01104180003,3,Dys΋,{ʂRږk,,,,240,92,148,151
01104180004,3,Dys΋,{ʂSږk,,,,462,208,254,226
01104180005,3,Dys΋,{ʂTږk,,,,342,178,164,151
01104180006,3,Dys΋,{ʂUږk,,,,918,453,465,593
01104180007,3,Dys΋,{ʂVږk,,,,995,454,541,607
01104180008,3,Dys΋,{ʂWږk,,,,554,262,292,327
01104180009,3,Dys΋,{ʂXږk,,,,427,193,234,237
01104180010,3,Dys΋,{ʂPOږk,,,,496,236,260,291
01104180011,3,Dys΋,{ʂPPږk,,,,354,171,183,208
01104180012,3,Dys΋,{ʂPQږk,,,,219,105,114,145
01104180013,3,Dys΋,{ʂPRږk,,,,437,202,235,286
011041901,2,Dys΋,k,,,,5634,2746,2888,2563
01104190101,3,Dys΋,kP,,,,443,226,217,199
01104190102,3,Dys΋,kQ,,,,147,68,79,65
01104190103,3,Dys΋,kR,,,,602,276,326,303
01104190104,3,Dys΋,kS,,,,563,284,279,287
01104190105,3,Dys΋,kT,,,,412,201,211,196
01104190106,3,Dys΋,kU,,,,495,246,249,211
01104190107,3,Dys΋,kV,,,,771,369,402,333
01104190108,3,Dys΋,kW,,,,783,376,407,356
01104190109,3,Dys΋,kX,,,,501,254,247,236
01104190110,3,Dys΋,kPO,,,,243,121,122,95
01104190111,3,Dys΋,kPP,,,,124,55,69,46
01104190112,3,Dys΋,kPQ,,,,242,119,123,106
01104190113,3,Dys΋,kPR,,,,162,79,83,68
01104190114,3,Dys΋,kPS,,,,146,72,74,62
011041902,2,Dys΋,k,,,,6195,2940,3255,2688
01104190201,3,Dys΋,kP,,,,401,201,200,188
01104190202,3,Dys΋,kQ,,,,388,182,206,179
01104190203,3,Dys΋,kR,,,,662,323,339,317
01104190204,3,Dys΋,kS,,,,684,318,366,299
01104190205,3,Dys΋,kT,,,,631,302,329,289
01104190206,3,Dys΋,kU,,,,477,237,240,215
01104190207,3,Dys΋,kV,,,,423,203,220,170
01104190208,3,Dys΋,kW,,,,181,83,98,78
01104190209,3,Dys΋,kX,,,,258,131,127,107
01104190210,3,Dys΋,kPO,,,,268,132,136,118
01104190211,3,Dys΋,kPP,,,,437,159,278,127
01104190212,3,Dys΋,kPQ,,,,657,319,338,277
01104190213,3,Dys΋,kPR,,,,305,150,155,138
01104190214,3,Dys΋,kPS,,,,423,200,223,186
011041903,2,Dys΋,kO,,,,6287,3023,3264,2788
01104190301,3,Dys΋,kOP,,,,322,159,163,145
01104190302,3,Dys΋,kOQ,,,,785,375,410,331
01104190303,3,Dys΋,kOR,,,,549,265,284,259
01104190304,3,Dys΋,kOS,,,,643,298,345,306
01104190305,3,Dys΋,kOT,,,,664,314,350,289
01104190306,3,Dys΋,kOU,,,,407,193,214,181
01104190307,3,Dys΋,kOV,,,,480,235,245,232
01104190308,3,Dys΋,kOW,,,,545,272,273,212
01104190309,3,Dys΋,kOX,,,,236,115,121,110
01104190310,3,Dys΋,kOPO,,,,133,60,73,63
01104190311,3,Dys΋,kOPP,,,,313,159,154,128
01104190312,3,Dys΋,kOPQ,,,,413,197,216,188
01104190313,3,Dys΋,kOPR,,,,447,215,232,200
01104190314,3,Dys΋,kOPS,,,,350,166,184,144
011041904,2,Dys΋,kl,,,,8470,4117,4353,3398
01104190401,3,Dys΋,klP,,,,459,226,233,169
01104190402,3,Dys΋,klQ,,,,1045,508,537,419
01104190403,3,Dys΋,klR,,,,753,350,403,300
01104190404,3,Dys΋,klS,,,,955,449,506,375
01104190405,3,Dys΋,klT,,,,594,287,307,250
01104190406,3,Dys΋,klU,,,,593,294,299,239
01104190407,3,Dys΋,klV,,,,341,166,175,145
01104190408,3,Dys΋,klW,,,,446,214,232,201
01104190409,3,Dys΋,klX,,,,317,171,146,125
01104190410,3,Dys΋,klPO,,,,300,159,141,111
01104190411,3,Dys΋,klPP,,,,1256,605,651,484
01104190412,3,Dys΋,klPQ,,,,1075,520,555,447
01104190413,3,Dys΋,klPR,,,,257,130,127,100
01104190414,3,Dys΋,klPS,,,,79,38,41,33
011041905,2,Dys΋,k܏,,,,4103,2000,2103,1729
01104190503,3,Dys΋,k܏R,,,,941,473,468,405
01104190504,3,Dys΋,k܏S,,,,700,322,378,288
01104190505,3,Dys΋,k܏T,,,,563,289,274,265
01104190506,3,Dys΋,k܏U,,,,289,141,148,125
01104190507,3,Dys΋,k܏V,,,,170,73,97,68
01104190508,3,Dys΋,k܏W,,,,366,188,178,161
01104190509,3,Dys΋,k܏X,,,,652,308,344,249
01104190510,3,Dys΋,k܏PO,,,,422,206,216,168
011041906,2,Dys΋,kZ,,,,2444,1191,1253,997
01104190603,3,Dys΋,kZR,,,,500,243,257,212
01104190604,3,Dys΋,kZS,,,,756,359,397,312
01104190607,3,Dys΋,kZV,,,,181,94,87,85
01104190608,3,Dys΋,kZW,,,,317,159,158,129
01104190609,3,Dys΋,kZX,,,,418,205,213,161
01104190610,3,Dys΋,kZPO,,,,272,131,141,98
011041907,2,Dys΋,k,,,,2567,1227,1340,996
01104190703,3,Dys΋,kR,,,,663,303,360,275
01104190704,3,Dys΋,kS,,,,379,200,179,148
01104190707,3,Dys΋,kV,,,,265,124,141,106
01104190708,3,Dys΋,kW,,,,379,193,186,134
01104190709,3,Dys΋,kX,,,,469,226,243,182
01104190710,3,Dys΋,kPO,,,,412,181,231,151
011041908,2,Dys΋,k,,,,1984,959,1025,802
01104190803,3,Dys΋,kR,,,,632,290,342,255
01104190804,3,Dys΋,kS,,,,343,162,181,139
01104190807,3,Dys΋,kV,,,,440,223,217,192
01104190808,3,Dys΋,kW,,,,430,217,213,165
01104190809,3,Dys΋,kX,,,,2,1,1,1
01104190810,3,Dys΋,kPO,,,,137,66,71,50
011041909,2,Dys΋,k,,,,1796,867,929,713
01104190903,3,Dys΋,kR,,,,695,312,383,249
01104190907,3,Dys΋,kV,,,,415,208,207,202
01104190908,3,Dys΋,kW,,,,545,282,263,207
01104190909,3,Dys΋,kX,,,,141,65,76,55
011042000,2,Dys΋,k,,,,137,73,64,62
011042100,2,Dys΋,싽,,,,12511,5719,6792,7148
01104210001,3,Dys΋,싽ʂPړ,,,,657,295,362,389
01104210002,3,Dys΋,싽ʂQړ,,,,1029,479,550,563
01104210003,3,Dys΋,싽ʂRړ,,,,767,335,432,374
01104210004,3,Dys΋,싽ʂSړ,,,,35,21,14,24
01104210005,3,Dys΋,싽ʂTړ,,,,172,65,107,133
01104210006,3,Dys΋,싽ʂUړ,,,,1119,474,645,566
01104210007,3,Dys΋,싽ʂVړ,,,,627,271,356,443
01104210008,3,Dys΋,싽ʂWړ,,,,510,213,297,289
01104210009,3,Dys΋,싽ʂXړ,,,,622,294,328,348
01104210010,3,Dys΋,싽ʂPOړ,,,,348,180,168,226
01104210011,3,Dys΋,싽ʂPPړ,,,,299,137,162,191
01104210012,3,Dys΋,싽ʂPQړ,,,,512,247,265,333
01104210013,3,Dys΋,싽ʂPRړ,,,,764,338,426,424
01104210014,3,Dys΋,싽ʂPSړ,,,,770,376,394,468
01104210015,3,Dys΋,싽ʂPTړ,,,,731,351,380,442
01104210016,3,Dys΋,싽ʂPUړ,,,,741,352,389,343
01104210017,3,Dys΋,싽ʂPVړ,,,,615,276,339,442
01104210018,3,Dys΋,싽ʂPWړ,,,,485,233,252,281
01104210019,3,Dys΋,싽ʂPXړ,,,,51,22,29,32
01104210020,3,Dys΋,싽ʂQOړ,,,,945,427,518,485
01104210021,3,Dys΋,싽ʂQPړ,,,,712,333,379,352
011042200,2,Dys΋,싽,,,,8815,4050,4765,4753
01104220001,3,Dys΋,싽ʂPږk,,,,1548,711,837,971
01104220002,3,Dys΋,싽ʂQږk,,,,473,218,255,237
01104220003,3,Dys΋,싽ʂRږk,,,,405,182,223,203
01104220004,3,Dys΋,싽ʂSږk,,,,352,160,192,161
01104220005,3,Dys΋,싽ʂTږk,,,,313,153,160,148
01104220006,3,Dys΋,싽ʂUږk,,,,406,195,211,238
01104220007,3,Dys΋,싽ʂVږk,,,,306,140,166,179
01104220008,3,Dys΋,싽ʂWږk,,,,320,135,185,206
01104220009,3,Dys΋,싽ʂXږk,,,,247,106,141,102
01104220010,3,Dys΋,싽ʂPOږk,,,,103,51,52,72
01104220011,3,Dys΋,싽ʂPPږk,,,,62,31,31,45
01104220012,3,Dys΋,싽ʂPQږk,,,,48,18,30,28
01104220014,3,Dys΋,싽ʂPSږk,,,,553,246,307,362
01104220015,3,Dys΋,싽ʂPTږk,,,,396,200,196,251
01104220016,3,Dys΋,싽ʂPUږk,,,,530,253,277,330
01104220017,3,Dys΋,싽ʂPVږk,,,,1397,629,768,583
01104220018,3,Dys΋,싽ʂPWږk,,,,409,178,231,219
01104220019,3,Dys΋,싽ʂPXږk,,,,135,56,79,59
01104220020,3,Dys΋,싽ʂQOږk,,,,812,388,424,359
011042300,2,Dys΋,h,,,,17151,8333,8818,9765
01104230001,3,Dys΋,hʂP,,,,855,428,427,568
01104230002,3,Dys΋,hʂQ,,,,905,444,461,445
01104230003,3,Dys΋,hʂR,,,,769,375,394,436
01104230004,3,Dys΋,hʂS,,,,75,40,35,45
01104230005,3,Dys΋,hʂT,,,,633,305,328,336
01104230006,3,Dys΋,hʂU,,,,1296,632,664,793
01104230007,3,Dys΋,hʂV,,,,878,425,453,596
01104230008,3,Dys΋,hʂW,,,,859,396,463,569
01104230009,3,Dys΋,hʂX,,,,640,315,325,350
01104230010,3,Dys΋,hʂPO,,,,735,356,379,427
01104230011,3,Dys΋,hʂPP,,,,451,222,229,225
01104230012,3,Dys΋,hʂPQ,,,,389,179,210,179
01104230013,3,Dys΋,hʂPR,,,,860,409,451,520
01104230014,3,Dys΋,hʂPS,,,,655,309,346,282
01104230015,3,Dys΋,hʂPT,,,,1387,698,689,772
01104230016,3,Dys΋,hʂPU,,,,727,365,362,416
01104230017,3,Dys΋,hʂPV,,,,1195,602,593,728
01104230018,3,Dys΋,hʂPW,,,,924,420,504,478
01104230019,3,Dys΋,hʂPX,,,,979,446,533,552
01104230020,3,Dys΋,hʂQO,,,,773,379,394,397
01104230021,3,Dys΋,hʂQP,,,,1166,588,578,651
011042500,2,Dys΋,k,,,,505,275,230,46
011042601,2,Dys΋,Dy,,,,4201,1913,2288,1905
01104260101,3,Dys΋,DyP,,,,780,370,410,395
01104260102,3,Dys΋,DyQ,,,,670,295,375,237
01104260103,3,Dys΋,DyR,,,,1072,469,603,485
01104260104,3,Dys΋,DyS,,,,551,257,294,261
01104260105,3,Dys΋,DyT,,,,781,365,416,338
01104260106,3,Dys΋,DyU,,,,347,157,190,189
011042602,2,Dys΋,Dy,,,,5558,2534,3024,3498
01104260201,3,Dys΋,DyP,,,,791,361,430,355
01104260202,3,Dys΋,DyQ,,,,624,278,346,397
01104260203,3,Dys΋,DyR,,,,1161,526,635,769
01104260204,3,Dys΋,DyS,,,,1037,479,558,632
01104260205,3,Dys΋,DyT,,,,1134,527,607,724
01104260206,3,Dys΋,DyU,,,,811,363,448,621
011042603,2,Dys΋,DyO,,,,2216,960,1256,1361
01104260301,3,Dys΋,DyOP,,,,168,78,90,100
01104260302,3,Dys΋,DyOQ,,,,487,188,299,295
01104260303,3,Dys΋,DyOR,,,,545,242,303,332
01104260304,3,Dys΋,DyOS,,,,624,295,329,424
01104260305,3,Dys΋,DyOT,,,,300,118,182,170
01104260306,3,Dys΋,DyOU,,,,92,39,53,40
011042604,2,Dys΋,Dyl,,,,2718,1260,1458,1667
01104260401,3,Dys΋,DylP,,,,250,112,138,143
01104260402,3,Dys΋,DylQ,,,,723,347,376,470
01104260403,3,Dys΋,DylR,,,,541,256,285,346
01104260404,3,Dys΋,DylS,,,,600,292,308,363
01104260405,3,Dys΋,DylT,,,,425,173,252,245
01104260406,3,Dys΋,DylU,,,,179,80,99,100
011042605,2,Dys΋,Dy܏,,,,4073,1904,2169,2215
01104260501,3,Dys΋,Dy܏P,,,,324,145,179,158
01104260502,3,Dys΋,Dy܏Q,,,,417,205,212,297
01104260503,3,Dys΋,Dy܏R,,,,884,411,473,452
01104260504,3,Dys΋,Dy܏S,,,,803,384,419,398
01104260505,3,Dys΋,Dy܏T,,,,969,466,503,532
01104260506,3,Dys΋,Dy܏U,,,,676,293,383,378
011042606,2,Dys΋,DyZ,,,,2476,1151,1325,1308
01104260601,3,Dys΋,DyZP,,,,-,-,-,-
01104260602,3,Dys΋,DyZQ,,,,276,135,141,160
01104260603,3,Dys΋,DyZR,,,,1171,521,650,617
01104260604,3,Dys΋,DyZS,,,,124,62,62,67
01104260605,3,Dys΋,DyZT,,,,470,229,241,246
01104260606,3,Dys΋,DyZU,,,,435,204,231,218
011043500,2,Dys΋,쉺,,,,969,415,554,151
011044501,2,Dys΋,k,,,,2081,1020,1061,800
01104450101,3,Dys΋,kP,,,,600,301,299,230
01104450102,3,Dys΋,kQ,,,,810,393,417,319
01104450103,3,Dys΋,kR,,,,671,326,345,251
011044502,2,Dys΋,k,,,,1751,840,911,618
01104450201,3,Dys΋,kP,,,,784,382,402,264
01104450202,3,Dys΋,kQ,,,,427,203,224,158
01104450203,3,Dys΋,kR,,,,540,255,285,196
011044503,2,Dys΋,kO,,,,1491,725,766,470
01104450301,3,Dys΋,kOP,,,,499,257,242,163
01104450302,3,Dys΋,kOQ,,,,403,193,210,127
01104450303,3,Dys΋,kOR,,,,589,275,314,180
011044504,2,Dys΋,kl,,,,731,347,384,229
01104450401,3,Dys΋,klP,,,,299,141,158,101
01104450402,3,Dys΋,klQ,,,,57,23,34,21
01104450403,3,Dys΋,klR,,,,375,183,192,107
011044505,2,Dys΋,k܏,,,,296,149,147,107
011044701,2,Dys΋,쉺,,,,2113,999,1114,829
01104470104,3,Dys΋,쉺S,,,,203,99,104,79
01104470105,3,Dys΋,쉺T,,,,253,117,136,87
01104470106,3,Dys΋,쉺U,,,,719,314,405,295
01104470107,3,Dys΋,쉺V,,,,297,145,152,123
01104470108,3,Dys΋,쉺W,,,,400,203,197,155
01104470109,3,Dys΋,쉺X,,,,241,121,120,90
011044702,2,Dys΋,쉺,,,,473,225,248,197
01104470204,3,Dys΋,쉺S,,,,175,81,94,80
01104470205,3,Dys΋,쉺T,,,,44,22,22,16
01104470206,3,Dys΋,쉺U,,,,151,76,75,63
01104470207,3,Dys΋,쉺V,,,,95,43,52,35
01104470208,3,Dys΋,쉺W,,,,8,3,5,3
011044703,2,Dys΋,쉺O,,,,1549,723,826,598
01104470303,3,Dys΋,쉺OR,,,,44,19,25,14
01104470304,3,Dys΋,쉺OS,,,,200,95,105,81
01104470305,3,Dys΋,쉺OT,,,,680,297,383,273
01104470306,3,Dys΋,쉺OU,,,,325,161,164,123
01104470307,3,Dys΋,쉺OV,,,,300,151,149,107
011044704,2,Dys΋,쉺l,,,,861,411,450,326
01104470401,3,Dys΋,쉺lP,,,,-,-,-,-
01104470402,3,Dys΋,쉺lQ,,,,239,108,131,85
01104470403,3,Dys΋,쉺lR,,,,197,93,104,78
01104470404,3,Dys΋,쉺lS,,,,143,73,70,58
01104470405,3,Dys΋,쉺lT,,,,157,77,80,58
01104470406,3,Dys΋,쉺lU,,,,125,60,65,47
011044705,2,Dys΋,쉺܏,,,,1201,563,638,444
01104470501,3,Dys΋,쉺܏P,,,,202,100,102,72
01104470502,3,Dys΋,쉺܏Q,,,,294,133,161,106
01104470503,3,Dys΋,쉺܏R,,,,340,162,178,130
01104470504,3,Dys΋,쉺܏S,,,,365,168,197,136
011045201,2,Dys΋,ė,,,,313,136,177,135
01104520101,3,Dys΋,ėP,,,,-,-,-,-
01104520102,3,Dys΋,ėQ,,,,102,41,61,30
01104520103,3,Dys΋,ėR,,,,113,54,59,44
01104520104,3,Dys΋,ėS,,,,98,41,57,61
011045202,2,Dys΋,ė,,,,64,27,37,24
01104520201,3,Dys΋,ėP,,,,-,-,-,-
01104520202,3,Dys΋,ėQ,,,,-,-,-,-
01104520203,3,Dys΋,ėR,,,,-,-,-,-
01104520204,3,Dys΋,ėS,,,,64,27,37,24
011045203,2,Dys΋,ėO,,,,423,213,210,153
01104520301,3,Dys΋,ėOP,,,,410,208,202,148
01104520302,3,Dys΋,ėOQ,,,,13,5,8,5
01104520303,3,Dys΋,ėOR,,,,-,-,-,-
011045204,2,Dys΋,ėl,,,,294,145,149,104
01104520401,3,Dys΋,ėlP,,,,294,145,149,104
01104520402,3,Dys΋,ėlQ,,,,-,-,-,-
01104520403,3,Dys΋,ėlR,,,,-,-,-,-
011045205,2,Dys΋,ė܏,,,,609,341,268,156
01104520501,3,Dys΋,ė܏P,,,,609,341,268,156
01104520502,3,Dys΋,ė܏Q,,,,-,-,-,-
01104520503,3,Dys΋,ė܏R,,,,-,-,-,-
011045600,2,Dys΋,ʃZ^[,,,,-,-,-,-
01104560001,3,Dys΋,ʃZ^[P,,,,-,-,-,-
01104560002,3,Dys΋,ʃZ^[Q,,,,-,-,-,-
01104560003,3,Dys΋,ʃZ^[R,,,,-,-,-,-
01104560004,3,Dys΋,ʃZ^[S,,,,-,-,-,-
01104560005,3,Dys΋,ʃZ^[T,,,,-,-,-,-
01104560006,3,Dys΋,ʃZ^[U,,,,-,-,-,-
01104560007,3,Dys΋,ʃZ^[V,,,,-,-,-,-
