KEY_CODE,HYOSYO,CITYNAME,NAME,HTKSYORI,HTKSAKI,GASSAN,T000572001,T000572002,T000572003,T000572004
,,,,,,,l,j,,ё
01208,1,ks,,,,,125689,60171,65518,56012
012080010,2,ks,ʓ,,,,1616,760,856,861
012080020,2,ks,ʐ,,,,1494,647,847,770
012080030,2,ks,咬,,,,264,138,126,149
012080040,2,ks,,,,,1493,965,528,1061
012080050,2,ks,,,,,510,248,262,236
012080060,2,ks,t,,,,616,323,293,318
012080070,2,ks,Oy,,,,1176,553,623,605
012080080,2,ks,OZ,,,,328,157,171,166
012080090,2,ks,˒,,,,2650,1522,1128,1367
012080100,2,ks,,,,,32,17,15,18
012080110,2,ks,ԏ꒬,,,,428,199,229,212
012080120,2,ks,kl,,,,556,263,293,282
01208012001,3,ks,klP,,,,140,63,77,61
01208012002,3,ks,klQ,,,,115,57,58,69
01208012003,3,ks,klR,,,,301,143,158,152
012080130,2,ks,,,,,953,453,500,456
012080140,2,ks,K,,,,1760,800,960,1045
01208014001,3,ks,KP,,,,150,56,94,79
01208014002,3,ks,KQ,,,,169,77,92,94
01208014003,3,ks,KR,,,,269,147,122,162
01208014004,3,ks,KS,,,,335,156,179,206
01208014005,3,ks,KT,,,,240,91,149,131
01208014006,3,ks,KU,,,,197,89,108,111
01208014007,3,ks,KV,,,,236,107,129,158
01208014008,3,ks,KW,,,,164,77,87,104
012080150,2,ks,R,,,,728,355,373,492
01208015001,3,ks,RP,,,,51,28,23,40
01208015002,3,ks,RQ,,,,155,63,92,109
01208015003,3,ks,RR,,,,112,59,53,74
01208015004,3,ks,RS,,,,222,108,114,153
01208015005,3,ks,RT,,,,188,97,91,116
012080160,2,ks,{,,,,649,312,337,380
01208016001,3,ks,{P,,,,39,22,17,29
01208016002,3,ks,{Q,,,,75,33,42,38
01208016003,3,ks,{R,,,,105,51,54,65
01208016004,3,ks,{S,,,,228,111,117,127
01208016005,3,ks,{T,,,,202,95,107,121
012080170,2,ks,F,,,,2744,1272,1472,1507
01208017001,3,ks,FP,,,,314,122,192,167
01208017002,3,ks,FQ,,,,230,110,120,116
01208017003,3,ks,FR,,,,350,171,179,202
01208017004,3,ks,FS,,,,258,124,134,151
01208017005,3,ks,FT,,,,356,162,194,213
01208017006,3,ks,FU,,,,237,103,134,128
01208017007,3,ks,FV,,,,197,99,98,101
01208017008,3,ks,FW,,,,171,80,91,87
01208017009,3,ks,FX,,,,389,192,197,232
01208017010,3,ks,FPO,,,,242,109,133,110
012080180,2,ks,,,,,1111,515,596,504
01208018001,3,ks,P,,,,226,102,124,120
01208018002,3,ks,Q,,,,182,87,95,68
01208018003,3,ks,R,,,,95,45,50,40
01208018004,3,ks,S,,,,249,123,126,122
01208018005,3,ks,T,,,,181,85,96,71
01208018006,3,ks,U,,,,178,73,105,83
012080190,2,ks,΃u,,,,3259,1540,1719,1323
01208019001,3,ks,΃uP,,,,723,335,388,310
01208019002,3,ks,΃uQ,,,,642,302,340,254
01208019003,3,ks,΃uR,,,,788,370,418,302
01208019004,3,ks,΃uS,,,,-,-,-,-
01208019005,3,ks,΃uT,,,,575,279,296,218
01208019006,3,ks,΃uU,,,,531,254,277,239
012080200,2,ks,Ԍ,,,,1082,494,588,512
012080210,2,ks,R,,,,6279,2953,3326,2561
012080220,2,ks,h,,,,4399,1986,2413,1982
01208022001,3,ks,hP,,,,353,161,192,154
01208022002,3,ks,hQ,,,,420,204,216,166
01208022003,3,ks,hR,,,,499,225,274,205
01208022004,3,ks,hS,,,,397,186,211,163
01208022005,3,ks,hT,,,,255,112,143,141
01208022006,3,ks,hU,,,,286,121,165,143
01208022007,3,ks,hV,,,,574,260,314,278
01208022008,3,ks,hW,,,,521,242,279,254
01208022009,3,ks,hX,,,,835,363,472,376
01208022010,3,ks,hPO,,,,259,112,147,102
012080230,2,ks,h,,,,2764,1305,1459,1213
01208023001,3,ks,hP,,,,854,390,464,374
01208023002,3,ks,hQ,,,,601,299,302,258
01208023003,3,ks,hR,,,,957,449,508,428
01208023004,3,ks,hS,,,,352,167,185,153
012080240,2,ks,h,,,,722,363,359,393
01208024001,3,ks,hP,,,,213,110,103,120
01208024002,3,ks,hQ,,,,59,28,31,32
01208024003,3,ks,hR,,,,196,94,102,95
01208024004,3,ks,hS,,,,254,131,123,146
012080250,2,ks,x,,,,1359,660,699,653
01208025001,3,ks,xP,,,,211,102,109,93
01208025002,3,ks,xQ,,,,373,176,197,188
01208025003,3,ks,xR,,,,482,237,245,212
01208025004,3,ks,xS,,,,293,145,148,160
012080260,2,ks,,,,,806,371,435,366
012080270,2,ks,Ƃc,,,,2127,1021,1106,1049
012080280,2,ks,Ƃc,,,,2660,1236,1424,1210
012080290,2,ks,ki,,,,4044,1963,2081,2053
01208029001,3,ks,kiP,,,,869,404,465,384
01208029002,3,ks,kiQ,,,,604,302,302,358
01208029003,3,ks,kiR,,,,351,171,180,190
01208029004,3,ks,kiS,,,,650,351,299,406
01208029005,3,ks,kiT,,,,525,263,262,237
01208029006,3,ks,kiU,,,,451,213,238,215
01208029007,3,ks,kiV,,,,594,259,335,263
012080300,2,ks,Ւ,,,,3257,1606,1651,1655
01208030001,3,ks,ՒP,,,,273,129,144,139
01208030002,3,ks,ՒQ,,,,457,237,220,252
01208030003,3,ks,ՒR,,,,528,254,274,300
01208030004,3,ks,ՒS,,,,719,361,358,356
01208030005,3,ks,ՒT,,,,677,332,345,319
01208030006,3,ks,ՒU,,,,603,293,310,289
012080310,2,ks,m,,,,1958,940,1018,843
01208031001,3,ks,mP,,,,37,16,21,19
01208031002,3,ks,mQ,,,,807,371,436,328
01208031003,3,ks,mR,,,,672,334,338,298
01208031004,3,ks,mS,,,,442,219,223,198
012080320,2,ks,쒇,,,,1067,524,543,578
01208032001,3,ks,쒇P,,,,329,183,146,180
01208032002,3,ks,쒇Q,,,,472,204,268,246
01208032003,3,ks,쒇R,,,,266,137,129,152
012080330,2,ks,쒬,,,,1178,539,639,498
01208033001,3,ks,쒬P,,,,422,208,214,192
01208033002,3,ks,쒬Q,,,,612,269,343,242
01208033003,3,ks,쒬R,,,,144,62,82,64
012080340,2,ks,,,,,1155,538,617,590
01208034001,3,ks,򒬂P,,,,106,54,52,64
01208034002,3,ks,򒬂Q,,,,399,190,209,214
01208034003,3,ks,򒬂R,,,,432,196,236,204
01208034004,3,ks,򒬂S,,,,218,98,120,108
012080350,2,ks,,,,,793,369,424,320
012080360,2,ks,,,,,1195,537,658,545
01208036001,3,ks,P,,,,108,47,61,52
01208036002,3,ks,Q,,,,195,94,101,96
01208036003,3,ks,R,,,,213,104,109,101
01208036004,3,ks,S,,,,241,109,132,113
01208036005,3,ks,T,,,,205,84,121,86
01208036006,3,ks,U,,,,192,81,111,77
01208036007,3,ks,V,,,,41,18,23,20
012080370,2,ks,,,,,1876,910,966,853
012080380,2,ks,c[,,,,1479,742,737,703
012080390,2,ks,t,,,,4291,2020,2271,2070
01208039001,3,ks,tP,,,,188,98,90,151
01208039002,3,ks,tQ,,,,528,247,281,260
01208039003,3,ks,tR,,,,731,322,409,358
01208039004,3,ks,tS,,,,1195,543,652,554
01208039005,3,ks,tT,,,,701,317,384,289
01208039006,3,ks,tU,,,,233,97,136,105
01208039007,3,ks,tV,,,,715,396,319,353
01208039008,3,ks,tW,,,,-,-,-,-
012080400,2,ks,,,,,1282,622,660,515
012080411,2,ks,O,,,,3619,1775,1844,1505
01208041101,3,ks,OւP,,,,609,293,316,245
01208041102,3,ks,OւQ,,,,525,260,265,204
01208041103,3,ks,OւR,,,,559,280,279,215
01208041104,3,ks,OւS,,,,529,259,270,247
01208041105,3,ks,OւTځCU,,,,145,71,74,59
01208041106,3,ks,OւU,,,,215,109,106,100
01208041107,3,ks,OւV,,,,92,41,51,38
01208041108,3,ks,OւWځCX,,,,379,178,201,147
01208041109,3,ks,OւWځCX,,,,566,284,282,250
012080412,2,ks,O,,,,2831,1372,1459,1145
01208041201,3,ks,OւP,,,,621,304,317,279
01208041202,3,ks,OւQ,,,,695,348,347,274
01208041203,3,ks,OւR,,,,527,255,272,214
01208041204,3,ks,OւRځCS,,,,237,106,131,86
01208041205,3,ks,OւT,,,,518,252,266,213
01208041206,3,ks,OւU,,,,31,15,16,7
01208041207,3,ks,OւV,,,,202,92,110,72
012080413,2,ks,O,,,,2135,1004,1131,882
01208041301,3,ks,OւP,,,,829,392,437,352
01208041302,3,ks,OւQ,,,,304,146,158,101
01208041303,3,ks,OւRځCS,,,,431,206,225,166
01208041304,3,ks,OւS,,,,320,149,171,156
01208041305,3,ks,OւT,,,,251,111,140,107
012080420,2,ks,k,,,,1541,697,844,559
012080430,2,ks,쓌,,,,2288,1113,1175,773
012080440,2,ks,ᏼ,,,,149,65,84,62
012080450,2,ks,u,,,,30,11,19,12
012080460,2,ks,吳,,,,934,461,473,330
012080470,2,ks,a,,,,45,24,21,22
012080480,2,ks,Ln,,,,354,181,173,126
012080490,2,ks,J,,,,111,56,55,40
012080500,2,ks,m,,,,153,78,75,59
012080510,2,ks,,,,,92,42,50,28
012080520,2,ks,t,,,,2384,1101,1283,1035
01208052001,3,ks,tP,,,,248,121,127,107
01208052002,3,ks,tQ,,,,530,237,293,216
01208052003,3,ks,tR,,,,112,64,48,49
01208052004,3,ks,tS,,,,295,139,156,124
01208052005,3,ks,tT,,,,231,104,127,99
01208052006,3,ks,tU,,,,302,132,170,160
01208052007,3,ks,tV,,,,666,304,362,280
012080530,2,ks,Β,,,,1809,838,971,710
01208053001,3,ks,ΒP,,,,282,122,160,116
01208053002,3,ks,ΒQ,,,,175,83,92,70
01208053003,3,ks,ΒR,,,,591,281,310,226
01208053004,3,ks,ΒS,,,,194,81,113,74
01208053005,3,ks,ΒT,,,,258,121,137,99
01208053006,3,ks,ΒU,,,,161,79,82,67
01208053007,3,ks,ΒV,,,,148,71,77,58
012080540,2,ks,,,,,43,20,23,22
01208054001,3,ks,P,,,,4,2,2,1
01208054002,3,ks,Q,,,,14,6,8,6
01208054003,3,ks,R,,,,25,12,13,15
012080550,2,ks,j,,,,1345,631,714,511
01208055001,3,ks,jP,,,,82,40,42,30
01208055002,3,ks,jQ,,,,357,168,189,135
01208055003,3,ks,jR,,,,330,156,174,127
01208055004,3,ks,jS,,,,262,120,142,104
01208055005,3,ks,jT,,,,314,147,167,115
012080560,2,ks,ot,,,,1137,529,608,470
01208056001,3,ks,otP,,,,356,159,197,135
01208056002,3,ks,otQ,,,,312,148,164,134
01208056003,3,ks,otR,,,,204,92,112,83
01208056004,3,ks,otS,,,,265,130,135,118
012080570,2,ks,z,,,,738,406,332,488
012080580,2,ks,ؒ,,,,823,401,422,364
012080590,2,ks,,,,,626,372,254,516
012080600,2,ks,,,,,167,68,99,84
012080610,2,ks,t,,,,124,52,72,56
012080620,2,ks,ԉ,,,,672,303,369,256
012080630,2,ks,V,,,,651,323,328,271
012080640,2,ks,쉈,,,,724,331,393,282
012080650,2,ks,k,,,,1058,511,547,454
012080660,2,ks,ђ,,,,585,298,287,280
012080670,2,ks,L,,,,718,348,370,309
012080680,2,ks,L,,,,1633,771,862,652
012080690,2,ks,쒬,,,,1922,932,990,713
012080700,2,ks,Ƃ,,,,809,379,430,346
012080710,2,ks,L,,,,416,200,216,134
012080720,2,ks,k,,,,788,392,396,358
012080730,2,ks,,,,,260,127,133,74
012080740,2,ks,m,,,,161,77,84,70
012080750,2,ks,a,,,,62,31,31,25
012080760,2,ks,kz,,,,101,50,51,34
012080770,2,ks,,,,,1524,706,818,622
012080780,2,ks,,,,,250,121,129,100
012080790,2,ks,Lc,,,,270,131,139,92
012080800,2,ks,,,,,102,48,54,34
012080810,2,ks,Zg,,,,24,9,15,4
012080820,2,ks,{,,,,28,14,14,9
012080830,2,ks,,,,,3022,1394,1628,1126
012080840,2,ks,,,,,60,32,28,26
012080850,2,ks,x,,,,31,15,16,10
012080860,2,ks,Ђ,,,,1143,566,577,360
01208086001,3,ks,ЂP,,,,376,171,205,124
01208086002,3,ks,ЂQ,,,,176,90,86,57
01208086003,3,ks,ЂR,,,,-,-,-,-
01208086004,3,ks,ЂS,,,,242,125,117,74
01208086005,3,ks,ЂT,,,,39,18,21,13
01208086006,3,ks,ЂU,,,,221,112,109,66
01208086007,3,ks,ЂV,,,,89,50,39,26
01208086008,3,ks,ЂW,,,,-,-,-,-
012080870,2,ks,ꋍ,,,,318,165,153,101
012080880,2,ks,,,,,354,188,166,66
012080890,2,ks,,,,,1351,636,715,503
012080900,2,ks,[,,,,647,299,348,245
012080910,2,ks,O,,,,1986,966,1020,744
012080920,2,ks,,,,,201,107,94,63
012080930,2,ks,a,,,,188,90,98,51
012080940,2,ks,u,,,,46,20,26,12
012080950,2,ks,L,,,,66,30,36,20
012080960,2,ks,ko,,,,58,32,26,15
012080970,2,ks,a,,,,24,12,12,9
012080980,2,ks,ꓒ,,,,123,33,90,31
01208098001,3,ks,ꓒ,,,,17,7,10,4
01208098002,3,ks,ꓒ,,,,106,26,80,27
012080990,2,ks,k,,,,14,8,6,6
012081000,2,ks,a,,,,122,63,59,37
01208100001,3,ks,a,,,,55,24,31,13
01208100002,3,ks,a,,,,32,18,14,14
01208100003,3,ks,a,,,,35,21,14,10
012081010,2,ks,,,,,75,38,37,22
01208101001,3,ks,,,,,22,13,9,8
01208101002,3,ks,,,,,12,5,7,5
01208101003,3,ks,,,,,18,10,8,4
01208101004,3,ks,,,,,23,10,13,5
012081020,2,ks,ԋu,,,,58,32,26,20
01208102001,3,ks,ԋu,,,,53,29,24,18
01208102002,3,ks,ԋu,,,,5,3,2,2
012081030,2,ks,R,,,,114,55,59,41
01208103001,3,ks,R,,,,57,29,28,26
01208103002,3,ks,R,,,,57,26,31,15
012081040,2,ks,,,,,1147,520,627,561
01208104001,3,ks,,,,,127,62,65,74
01208104002,3,ks,,,,,44,20,24,22
01208104003,3,ks,,,,,64,29,35,33
01208104004,3,ks,,,,,288,118,170,126
01208104005,3,ks,,,,,221,106,115,116
01208104006,3,ks,,,,,154,77,77,73
01208104007,3,ks,,,,,249,108,141,117
012081050,2,ks,h,,,,119,59,60,34
01208105001,3,ks,h,,,,31,14,17,8
01208105002,3,ks,h,,,,30,16,14,7
01208105003,3,ks,h,,,,58,29,29,19
012081060,2,ks,,,,,10,6,4,5
012081070,2,ks,x,,,,119,58,61,41
01208107001,3,ks,x,,,,66,33,33,22
01208107002,3,ks,x,,,,53,25,28,19
012081080,2,ks,x,,,,12,7,5,4
012081090,2,ks,L,,,,249,117,132,108
01208109001,3,ks,LP,,,,26,13,13,14
01208109002,3,ks,L,,,,223,104,119,94
012081100,2,ks,,,,,97,48,49,43
012081110,2,ks,,,,,2777,1276,1501,1217
01208111001,3,ks,,,,,226,100,126,103
01208111002,3,ks,,,,,415,183,232,184
01208111003,3,ks,,,,,369,162,207,152
01208111004,3,ks,,,,,604,277,327,281
01208111005,3,ks,k,,,,144,69,75,68
01208111006,3,ks,,,,,469,213,256,208
01208111007,3,ks,R,,,,157,81,76,68
01208111008,3,ks,,,,,393,191,202,153
012081120,2,ks,h,,,,883,424,459,310
01208112001,3,ks,h,,,,436,203,233,176
01208112002,3,ks,h,,,,447,221,226,134
012081130,2,ks,㒬,,,,548,229,319,202
012081140,2,ks,,,,,124,45,79,64
012081150,2,ks,,,,,86,34,52,43
012081160,2,ks,,,,,329,168,161,155
012081170,2,ks,{,,,,258,129,129,121
012081180,2,ks,ێR,,,,32,13,19,12
012081190,2,ks,,,,,50,24,26,22
012081200,2,ks,ԉ,,,,79,37,42,22
012081210,2,ks,l,,,,181,62,119,32
012081220,2,ks,Ll,,,,335,156,179,135
012081230,2,ks,ٓV,,,,218,94,124,96
012081240,2,ks,{,,,,216,105,111,80
012081250,2,ks,,,,,233,107,126,115
012081260,2,ks,h,,,,121,56,65,63
012081270,2,ks,L,,,,287,137,150,141
012081280,2,ks,Ji,,,,317,133,184,144
012081290,2,ks,ki,,,,321,148,173,160
012081300,2,ks,쒬,,,,454,222,232,171
012081310,2,ks,,,,,363,164,199,148
012081320,2,ks,y,,,,130,62,68,45
012081330,2,ks,,,,,343,171,172,84
012081340,2,ks,hY,,,,283,146,137,109
012081350,2,ks,,,,,122,64,58,32
012081360,2,ks,L,,,,129,61,68,45
012081370,2,ks,xu,,,,139,73,66,44
012081380,2,ks,R,,,,58,29,29,17
012081390,2,ks,g,,,,143,69,74,47
