KEY_CODE,HYOSYO,CITYNAME,NAME,HTKSYORI,HTKSAKI,GASSAN,T000572001,T000572002,T000572003,T000572004
,,,,,,,l,j,,ё
01202,1,َs,,,,,279127,127046,152081,126180
012020010,2,َs,M,,,,789,330,459,377
012020020,2,َs,D,,,,1196,553,643,522
012020030,2,َs,퐶,,,,1390,601,789,660
012020040,2,َs,ٓV,,,,1129,527,602,572
012020050,2,َs,咬,,,,642,303,339,307
012020060,2,َs,L,,,,1041,440,601,577
012020070,2,َs,,,,,1313,568,745,593
012020080,2,َs,,,,,1834,823,1011,897
012020090,2,َs,Jn,,,,1518,643,875,648
012020100,2,َs,Zg,,,,1026,415,611,382
012020110,2,َs,󗈒,,,,1639,675,964,733
012020120,2,َs,쒬,,,,1252,528,724,620
012020130,2,َs,L쒬,,,,971,409,562,497
012020140,2,َs,蒬,,,,772,345,427,448
012020150,2,َs,h,,,,1205,518,687,617
012020160,2,َs,,,,,717,277,440,388
012020170,2,َs,_,,,,548,237,311,242
012020180,2,َs,X,,,,1567,700,867,835
012020190,2,َs,,,,,505,196,309,237
012020200,2,َs,ᏼ,,,,1321,559,762,675
012020210,2,َs,Β,,,,923,394,529,521
012020220,2,َs,V쒬,,,,1286,524,762,736
012020230,2,َs,V쒬,,,,703,292,411,374
012020240,2,َs,Cݒ,,,,1233,568,665,640
012020250,2,َs,꒬,,,,1550,668,882,813
012020260,2,َs,쒬,,,,2428,1043,1385,1189
012020270,2,َs,㒬,,,,1200,534,666,627
012020280,2,َs,쒬,,,,-,-,-,-
012020290,2,َs,g쒬,,,,695,300,395,276
012020300,2,َs,kl,,,,874,398,476,468
012020310,2,َs,`,,,,5943,2955,2988,3103
01202031001,3,َs,`P,,,,2860,1429,1431,1364
01202031002,3,َs,`Q,,,,1360,629,731,671
01202031003,3,َs,`R,,,,1723,897,826,1068
012020340,2,َs,Ǖ,,,,793,371,422,329
012020350,2,َs,Tc,,,,1582,724,858,793
012020360,2,َs,쒬,,,,2242,973,1269,1039
012020370,2,َs,cƒ,,,,2793,1219,1574,1390
012020380,2,َs,,,,,1877,833,1044,1019
012020390,2,َs,,,,,1842,896,946,916
012020400,2,َs,{O,,,,2024,877,1147,1126
012020410,2,َs,,,,,2820,1165,1655,1271
012020420,2,َs,䒬,,,,2047,909,1138,1142
012020430,2,َs,x쒬,,,,2119,901,1218,1066
012020440,2,َs,,,,,1736,771,965,848
012020450,2,َs,FY,,,,916,417,499,489
012020460,2,َs,To,,,,1283,610,673,671
012020470,2,َs,I꒬,,,,2280,1002,1278,1088
012020480,2,َs,C,,,,2214,977,1237,1115
012020490,2,َs,,,,,1396,553,843,708
012020500,2,َs,{,,,,1812,707,1105,1098
012020510,2,َs,쒬,,,,1193,575,618,651
012020520,2,َs,ܗŊs,,,,1684,755,929,988
012020530,2,َs,,,,,706,316,390,365
012020540,2,َs,A,,,,2581,1093,1488,1244
012020550,2,َs,l,,,,2165,933,1232,1038
012020560,2,َs,x,,,,1636,1218,418,397
012020570,2,َs,Tؒ,,,,1548,787,761,760
012020580,2,َs,ؒ,,,,3453,1491,1962,1776
012020590,2,َs,쌴,,,,1731,760,971,925
012020600,2,َs,[x,,,,5229,2167,3062,2564
012020610,2,َs,꒬,,,,1881,780,1101,752
012020620,2,َs,L쒬,,,,1101,660,441,409
012020630,2,َs,l,,,,2451,1047,1404,1259
012020640,2,َs,쒬,,,,7132,3097,4035,3442
01202064001,3,َs,쒬P,,,,2333,1025,1308,1031
01202064002,3,َs,쒬Q,,,,2425,1084,1341,1236
01202064003,3,َs,쒬R,,,,2374,988,1386,1175
012020670,2,َs,ˑq,,,,1706,911,795,666
012020680,2,َs,|{,,,,1421,663,758,636
012020690,2,َs,ԉ,,,,3333,1491,1842,1735
012020700,2,َs,g,,,,10713,5003,5710,4471
01202070001,3,َs,gP,,,,2310,1339,971,819
01202070002,3,َs,gQ,,,,3013,1327,1686,1254
01202070003,3,َs,gR,,,,3042,1294,1748,1443
01202070004,3,َs,gS,,,,2348,1043,1305,955
012020740,2,َs,쒬,,,,2452,1161,1291,1145
012020750,2,َs,u,,,,2962,1343,1619,1151
012020760,2,َs,,,,,477,228,249,207
012020770,2,َs,,,,,433,186,247,159
012020780,2,َs,闖u,,,,105,55,50,20
012020790,2,َs,㓒쒬,,,,4204,1914,2290,1985
012020800,2,َs,R,,,,90,18,72,8
012020810,2,َs,,,,,294,107,187,75
012020820,2,َs,,,,,4951,2213,2738,1944
01202082001,3,َs,P,,,,1404,628,776,596
01202082002,3,َs,Q,,,,2070,941,1129,840
01202082003,3,َs,R,,,,1477,644,833,508
012020850,2,َs,쒬,,,,65,33,32,30
012020860,2,َs,Б,,,,-,-,-,-
012020870,2,َs,OX,,,,-,-,-,-
012020880,2,َs,gtR,,,,14,6,8,8
012020890,2,َs,,,,,163,75,88,61
012020900,2,َs,T,,,,127,56,71,49
012020910,2,َs,Č,,,,165,84,81,58
012020920,2,َs,,,,,78,41,37,27
012020930,2,َs,SR,,,,34,16,18,17
012020940,2,َs,쒬,,,,60,30,30,26
012020950,2,َs,蒬,,,,636,281,355,266
012020960,2,َs,,,,,2196,1026,1170,847
012020970,2,َs,uCے,,,,406,194,212,158
012020980,2,َs,ː쒬,,,,204,89,115,78
012020990,2,َs,ԍ⒬,,,,126,60,66,41
012021000,2,َs,KT,,,,1624,769,855,599
012021010,2,َs,쒬,,,,97,26,71,11
012021020,2,َs,V,,,,507,234,273,156
012021030,2,َs,Αq,,,,30,15,15,11
012021040,2,َs,Ð쒬,,,,702,316,386,262
012021050,2,َs,L,,,,100,49,51,37
012021060,2,َs,΍蒬,,,,701,320,381,261
012021070,2,َs,ߖ쒬,,,,106,53,53,43
012021080,2,َs,Β,,,,116,58,58,41
012021090,2,َs,x,,,,12110,5384,6726,5952
01202109001,3,َs,xP,,,,4343,1896,2447,2021
01202109002,3,َs,xQ,,,,4913,2195,2718,2488
01202109003,3,َs,xR,,,,2854,1293,1561,1443
012021120,2,َs,,,,,6422,2916,3506,3056
01202112001,3,َs,P,,,,2366,1064,1302,1146
01202112002,3,َs,Q,,,,4056,1852,2204,1910
012021140,2,َs,R̎,,,,7654,3443,4211,3101
01202114001,3,َs,R̎P,,,,1691,762,929,713
01202114002,3,َs,R̎Q,,,,2739,1196,1543,1077
01202114003,3,َs,R̎R,,,,3224,1485,1739,1311
012021170,2,َs,{,,,,9817,4432,5385,4549
01202117001,3,َs,{ʂP,,,,3801,1724,2077,1879
01202117002,3,َs,{ʂQ,,,,2866,1312,1554,1303
01202117003,3,َs,{ʂR,,,,1173,528,645,496
01202117004,3,َs,{ʂS,,,,1977,868,1109,871
012021210,2,َs,b,,,,5512,2466,3046,2480
01202121001,3,َs,bP,,,,2727,1235,1492,1252
01202121002,3,َs,bQ,,,,2785,1231,1554,1228
012021230,2,َs,w쒬,,,,3436,1636,1800,1235
012021240,2,َs,_R,,,,229,104,125,85
012021250,2,َs,_R,,,,4862,2229,2633,2025
01202125001,3,َs,_RP,,,,1248,566,682,504
01202125002,3,َs,_RQ,,,,392,165,227,191
01202125003,3,َs,_RR,,,,3222,1498,1724,1330
012021280,2,َs,R,,,,1384,665,719,503
012021290,2,َs,R,,,,5276,2389,2887,2171
01202129001,3,َs,RP,,,,1158,546,612,467
01202129002,3,َs,RQ,,,,2535,1118,1417,1078
01202129003,3,َs,RR,,,,1583,725,858,626
012021320,2,َs,,,,,13532,6321,7211,6493
01202132001,3,َs,P,,,,2060,953,1107,1038
01202132002,3,َs,Q,,,,3091,1411,1680,1516
01202132003,3,َs,R,,,,3508,1699,1809,1709
01202132004,3,َs,S,,,,2655,1244,1411,1259
01202132005,3,َs,T,,,,2218,1014,1204,971
012021370,2,َs,Ԑ쒬,,,,1843,884,959,768
012021380,2,َs,Ԑ,,,,1962,919,1043,892
012021390,2,َs,Tc쒬,,,,669,338,331,203
012021400,2,َs,,,,,-,-,-,-
012021410,2,َs,TcX,,,,-,-,-,-
012021420,2,َs,ΐ쒬,,,,4257,1939,2318,1352
012021431,2,َs,j[,,,,8336,3945,4391,3240
01202143101,3,َs,j[P,,,,1107,533,574,432
01202143102,3,َs,j[Q,,,,1566,731,835,619
01202143103,3,َs,j[R,,,,1607,744,863,673
01202143104,3,َs,j[S,,,,1832,860,972,739
01202143105,3,َs,j[T,,,,2224,1077,1147,777
012021432,2,َs,j[,,,,4124,1902,2222,1468
012021440,2,َs,j[,,,,2762,1360,1402,1134
012021450,2,َs,a,,,,656,329,327,292
012021460,2,َs,a,,,,10631,5024,5607,4685
01202146001,3,َs,aP,,,,1886,845,1041,787
01202146002,3,َs,aQ,,,,2880,1389,1491,1301
01202146003,3,َs,aR,,,,2430,1124,1306,1071
01202146004,3,َs,aS,,,,3435,1666,1769,1526
012021500,2,َs,Tc{,,,,3497,1540,1957,1621
012021510,2,َs,Tc`,,,,4161,1950,2211,1982
012021520,2,َs,w,,,,1383,637,746,533
01202152001,3,َs,wP,,,,743,339,404,289
01202152002,3,َs,wQ,,,,640,298,342,244
012021530,2,َs,k,,,,3967,1875,2092,1569
01202153001,3,َs,kP,,,,1234,586,648,480
01202153002,3,َs,kQ,,,,1537,718,819,630
01202153003,3,َs,kR,,,,1196,571,625,459
012021540,2,َs,َR,,,,-,-,-,-
012021550,2,َs,ʒ,,,,-,-,-,-
012021560,2,َs,,,,,884,407,477,325
012021570,2,َs,J,,,,590,275,315,201
012021580,2,َs,,,,,235,113,122,86
012021590,2,َs,c,,,,295,147,148,91
012021600,2,َs,ٍ˒,,,,166,69,97,61
012021610,2,َs,,,,,56,25,31,23
012021620,2,َs,ْ,,,,103,45,58,46
012021630,2,َs,l,,,,574,261,313,242
012021640,2,َs,V񌩒,,,,66,34,32,24
012021650,2,َs,ؒ,,,,159,73,86,64
012021660,2,َs,ێR,,,,-,-,-,-
012021670,2,َs,R,,,,-,-,-,-
012021680,2,َs,Y,,,,241,109,132,94
012021690,2,َs,LY,,,,240,119,121,93
012021700,2,َs,,,,,404,191,213,149
012021710,2,َs,l,,,,283,137,146,112
012021720,2,َs,㒬,,,,120,59,61,57
012021730,2,َs,ߐ쒬,,,,445,208,237,188
012021740,2,َs,В,,,,180,71,109,72
012021750,2,َs,ml,,,,381,179,202,165
012021760,2,َs,Õ䒬,,,,205,92,113,82
012021770,2,َs,쒬,,,,288,111,177,106
012021780,2,َs,bR,,,,569,270,299,244
012021790,2,َs,蒬,,,,197,98,99,71
012021800,2,َs,aR,,,,-,-,-,-
012021810,2,َs,g,,,,-,-,-,-
012021820,2,َs,GR,,,,4,3,1,2
012021830,2,َs,q,,,,271,116,155,99
012021840,2,َs,Vl,,,,376,171,205,151
012021850,2,َs,V,,,,162,75,87,71
012021860,2,َs,,,,,64,27,37,33
012021870,2,َs,xY,,,,98,47,51,40
012021880,2,َs,,,,,77,35,42,31
012021890,2,َs,bR,,,,26,12,14,12
012021900,2,َs,VbR,,,,17,11,6,6
012021910,2,َs,Õ,,,,142,70,72,62
012021920,2,َs,ؒ,,,,788,370,418,263
012021930,2,َs,D,,,,1500,703,797,551
012021940,2,َs,싂,,,,1194,534,660,464
012021950,2,َs,Y,,,,399,182,217,156
012021960,2,َs,PK,,,,769,360,409,302
012021970,2,َs,L蒬,,,,368,172,196,142
012021980,2,َs,D,,,,457,226,231,152
012021990,2,َs,o,,,,196,91,105,60
012022000,2,َs,˒,,,,181,90,91,57
