KEY_CODE,HYOSYO,CITYNAME,NAME,HTKSYORI,HTKSAKI,GASSAN,T000572001,T000572002,T000572003,T000572004
,,,,,,,l,j,,ё
01211,1,ԑs,,,,,40998,20981,20017,18112
012110010,2,ԑs,,,,,42,19,23,22
01211001001,3,ԑs,𓌂P,,,,37,17,20,20
01211001002,3,ԑs,𓌂Q,,,,5,2,3,2
012110020,2,ԑs,,,,,43,22,21,22
01211002001,3,ԑs,𓌂P,,,,17,7,10,8
01211002002,3,ԑs,𓌂Q,,,,26,15,11,14
012110030,2,ԑs,O,,,,118,54,64,56
01211003001,3,ԑs,O𓌂P,,,,38,18,20,20
01211003002,3,ԑs,O𓌂Q,,,,72,31,41,31
01211003003,3,ԑs,O𓌂R,,,,8,5,3,5
012110040,2,ԑs,l,,,,149,57,92,70
01211004001,3,ԑs,l𓌂P,,,,28,11,17,15
01211004002,3,ԑs,l𓌂Q,,,,22,10,12,12
01211004003,3,ԑs,l𓌂R,,,,72,27,45,29
01211004004,3,ԑs,l𓌂S,,,,3,1,2,3
01211004005,3,ԑs,l𓌂T,,,,-,-,-,-
01211004006,3,ԑs,l𓌂U,,,,5,-,5,3
01211004007,3,ԑs,l𓌂V,,,,19,8,11,8
012110050,2,ԑs,܏,,,,218,94,124,114
01211005001,3,ԑs,܏𓌂P,,,,8,3,5,3
01211005002,3,ԑs,܏𓌂Q,,,,20,9,11,12
01211005003,3,ԑs,܏𓌂R,,,,24,12,12,13
01211005004,3,ԑs,܏𓌂S,,,,20,10,10,12
01211005005,3,ԑs,܏𓌂T,,,,32,15,17,25
01211005006,3,ԑs,܏𓌂U,,,,72,27,45,34
01211005007,3,ԑs,܏𓌂V,,,,42,18,24,15
012110060,2,ԑs,Z,,,,142,67,75,70
01211006001,3,ԑs,Z𓌂P,,,,29,14,15,20
01211006002,3,ԑs,Z𓌂Q,,,,28,13,15,14
01211006003,3,ԑs,Z𓌂R,,,,16,8,8,6
01211006004,3,ԑs,Z𓌂S,,,,-,-,-,-
01211006005,3,ԑs,Z𓌂T,,,,6,4,2,2
01211006006,3,ԑs,Z𓌂U,,,,57,25,32,25
01211006007,3,ԑs,Z𓌂V,,,,6,3,3,3
012110070,2,ԑs,쎵,,,,222,103,119,101
01211007001,3,ԑs,쎵𓌂P,,,,61,26,35,10
01211007002,3,ԑs,쎵𓌂Q,,,,21,6,15,10
01211007003,3,ԑs,쎵𓌂R,,,,12,7,5,6
01211007004,3,ԑs,쎵𓌂S,,,,38,18,20,20
01211007005,3,ԑs,쎵𓌂T,,,,48,27,21,30
01211007006,3,ԑs,쎵𓌂U,,,,32,16,16,21
01211007007,3,ԑs,쎵𓌂V,,,,10,3,7,4
012110080,2,ԑs,씪,,,,262,138,124,132
01211008001,3,ԑs,씪𓌂P,,,,27,13,14,15
01211008002,3,ԑs,씪𓌂Q,,,,36,17,19,15
01211008003,3,ԑs,씪𓌂R,,,,35,19,16,19
01211008004,3,ԑs,씪𓌂S,,,,23,11,12,11
01211008005,3,ԑs,씪𓌂T,,,,64,37,27,35
01211008006,3,ԑs,씪𓌂U,,,,73,37,36,33
01211008007,3,ԑs,씪𓌂V,,,,4,4,-,4
012110090,2,ԑs,,,,,246,129,117,146
01211009001,3,ԑs,𓌂P,,,,26,15,11,16
01211009002,3,ԑs,𓌂Q,,,,46,26,20,28
01211009003,3,ԑs,𓌂R,,,,9,5,4,4
01211009004,3,ԑs,𓌂S,,,,46,29,17,33
01211009005,3,ԑs,𓌂T,,,,38,20,18,22
01211009006,3,ԑs,𓌂U,,,,61,24,37,32
01211009007,3,ԑs,𓌂V,,,,20,10,10,11
012110100,2,ԑs,\,,,,67,35,32,36
01211010003,3,ԑs,\𓌂R,,,,38,20,18,22
01211010004,3,ԑs,\𓌂S,,,,27,14,13,12
01211010005,3,ԑs,\𓌂T,,,,2,1,1,2
012110110,2,ԑs,`,,,,9,3,6,4
012110120,2,ԑs,ԑ`,,,,-,-,-,-
012110130,2,ԑs,,,,,14,4,10,11
01211013001,3,ԑs,𐼂P,,,,10,2,8,9
01211013002,3,ԑs,𐼂Q,,,,4,2,2,2
012110140,2,ԑs,,,,,1,1,-,1
01211014003,3,ԑs,𐼂R,,,,1,1,-,1
01211014004,3,ԑs,𐼂S,,,,-,-,-,-
012110150,2,ԑs,O,,,,181,81,100,82
01211015001,3,ԑs,O𐼂P,,,,6,2,4,2
01211015002,3,ԑs,O𐼂Q,,,,11,5,6,7
01211015003,3,ԑs,O𐼂R,,,,5,5,-,1
01211015004,3,ԑs,O𐼂S,,,,159,69,90,72
012110160,2,ԑs,l,,,,182,70,112,94
01211016001,3,ԑs,l𐼂P,,,,72,24,48,36
01211016002,3,ԑs,l𐼂Q,,,,34,15,19,20
01211016003,3,ԑs,l𐼂R,,,,17,9,8,9
01211016004,3,ԑs,l𐼂S,,,,59,22,37,29
012110170,2,ԑs,܏,,,,186,86,100,100
01211017001,3,ԑs,܏𐼂P,,,,9,2,7,5
01211017002,3,ԑs,܏𐼂Q,,,,42,17,25,28
01211017003,3,ԑs,܏𐼂R,,,,96,49,47,48
01211017004,3,ԑs,܏𐼂S,,,,39,18,21,19
012110180,2,ԑs,Z,,,,128,64,64,78
01211018001,3,ԑs,Z𐼂P,,,,26,12,14,13
01211018002,3,ԑs,Z𐼂Q,,,,29,13,16,18
01211018003,3,ԑs,Z𐼂R,,,,46,25,21,31
01211018004,3,ԑs,Z𐼂S,,,,27,14,13,16
012110190,2,ԑs,쎵,,,,95,44,51,56
01211019001,3,ԑs,쎵𐼂P,,,,12,6,6,10
01211019002,3,ԑs,쎵𐼂Q,,,,15,8,7,9
01211019003,3,ԑs,쎵𐼂R,,,,44,16,28,23
01211019004,3,ԑs,쎵𐼂S,,,,24,14,10,14
012110200,2,ԑs,씪,,,,184,81,103,100
01211020001,3,ԑs,씪𐼂P,,,,72,30,42,35
01211020002,3,ԑs,씪𐼂Q,,,,45,21,24,26
01211020003,3,ԑs,씪𐼂R,,,,61,27,34,36
01211020004,3,ԑs,씪𐼂S,,,,6,3,3,3
012110210,2,ԑs,,,,,126,65,61,63
01211021002,3,ԑs,𐼂Q,,,,16,7,9,9
01211021003,3,ԑs,𐼂R,,,,65,30,35,26
01211021004,3,ԑs,𐼂S,,,,45,28,17,28
012110220,2,ԑs,\,,,,290,139,151,128
01211022002,3,ԑs,\𐼂Q,,,,113,54,59,52
01211022003,3,ԑs,\𐼂R,,,,65,26,39,29
01211022004,3,ԑs,\𐼂S,,,,112,59,53,47
012110230,2,ԑs,\,,,,129,70,59,74
01211023002,3,ԑs,\𐼂Q,,,,66,37,29,41
01211023003,3,ԑs,\𐼂R,,,,63,33,30,33
012110240,2,ԑs,\,,,,140,78,62,66
01211024002,3,ԑs,\𐼂Q,,,,61,35,26,33
01211024003,3,ԑs,\𐼂R,,,,79,43,36,33
012110250,2,ԑs,\O,,,,103,54,49,50
01211025002,3,ԑs,\O𐼂Q,,,,48,27,21,23
01211025003,3,ԑs,\O𐼂R,,,,55,27,28,27
012110260,2,ԑs,\l,,,,31,19,12,17
01211026002,3,ԑs,\l𐼂Q,,,,12,7,5,6
01211026003,3,ԑs,\l𐼂R,,,,19,12,7,11
012110270,2,ԑs,ђ,,,,501,255,246,229
012110280,2,ԑs,k,,,,43,18,25,22
01211028001,3,ԑs,k𓌂P,,,,4,2,2,2
01211028002,3,ԑs,k𓌂Q,,,,39,16,23,20
012110290,2,ԑs,k,,,,67,22,45,40
01211029001,3,ԑs,k𓌂P,,,,34,16,18,14
01211029002,3,ԑs,k𓌂Q,,,,33,6,27,26
012110300,2,ԑs,kO,,,,29,15,14,17
012110310,2,ԑs,kl,,,,40,18,22,20
01211031001,3,ԑs,kl𓌂P,,,,40,18,22,20
01211031002,3,ԑs,kl𓌂Q,,,,-,-,-,-
012110320,2,ԑs,k܏,,,,35,16,19,21
012110330,2,ԑs,kZ,,,,3,2,1,1
012110340,2,ԑs,k,,,,9,4,5,4
012110350,2,ԑs,k,,,,28,16,12,15
012110360,2,ԑs,k,,,,46,19,27,22
012110370,2,ԑs,k\,,,,69,36,33,33
012110380,2,ԑs,k\,,,,36,22,14,11
012110390,2,ԑs,k\,,,,29,10,19,14
012110400,2,ԑs,k,,,,-,-,-,-
01211040001,3,ԑs,k𐼂P,,,,-,-,-,-
01211040002,3,ԑs,k𐼂Q,,,,-,-,-,-
01211040003,3,ԑs,k𐼂R,,,,-,-,-,-
01211040004,3,ԑs,k𐼂S,,,,-,-,-,-
012110410,2,ԑs,k,,,,108,45,63,63
01211041001,3,ԑs,k𐼂P,,,,19,8,11,12
01211041002,3,ԑs,k𐼂Q,,,,-,-,-,-
01211041003,3,ԑs,k𐼂R,,,,-,-,-,-
01211041004,3,ԑs,k𐼂S,,,,54,22,32,25
01211041005,3,ԑs,k𐼂T,,,,35,15,20,26
012110420,2,ԑs,kO,,,,241,120,121,146
01211042001,3,ԑs,kO𐼂P,,,,40,22,18,30
01211042002,3,ԑs,kO𐼂Q,,,,98,48,50,64
01211042003,3,ԑs,kO𐼂R,,,,-,-,-,-
01211042004,3,ԑs,kO𐼂S,,,,50,18,32,28
01211042005,3,ԑs,kO𐼂T,,,,21,12,9,9
01211042006,3,ԑs,kO𐼂U,,,,14,9,5,8
01211042007,3,ԑs,kO𐼂V,,,,18,11,7,7
012110430,2,ԑs,kl,,,,397,190,207,265
01211043001,3,ԑs,kl𐼂P,,,,19,15,4,15
01211043002,3,ԑs,kl𐼂Q,,,,39,18,21,17
01211043003,3,ԑs,kl𐼂R,,,,48,24,24,25
01211043004,3,ԑs,kl𐼂S,,,,8,3,5,4
01211043005,3,ԑs,kl𐼂T,,,,46,24,22,20
01211043006,3,ԑs,kl𐼂U,,,,83,25,58,72
01211043008,3,ԑs,kl𐼂W,,,,154,81,73,112
012110440,2,ԑs,k܏,,,,315,142,173,159
01211044001,3,ԑs,k܏𐼂P,,,,16,7,9,7
01211044002,3,ԑs,k܏𐼂Q,,,,2,1,1,1
01211044003,3,ԑs,k܏𐼂R,,,,11,4,7,5
01211044004,3,ԑs,k܏𐼂S,,,,28,9,19,21
01211044005,3,ԑs,k܏𐼂T,,,,42,16,26,22
01211044006,3,ԑs,k܏𐼂U,,,,82,47,35,34
01211044007,3,ԑs,k܏𐼂V,,,,134,58,76,69
012110450,2,ԑs,kZ,,,,253,108,145,145
01211045001,3,ԑs,kZ𐼂P,,,,27,14,13,15
01211045002,3,ԑs,kZ𐼂Q,,,,34,17,17,5
01211045003,3,ԑs,kZ𐼂R,,,,23,11,12,13
01211045004,3,ԑs,kZ𐼂S,,,,55,27,28,27
01211045005,3,ԑs,kZ𐼂T,,,,72,20,52,59
01211045006,3,ԑs,kZ𐼂U,,,,12,7,5,8
01211045007,3,ԑs,kZ𐼂V,,,,30,12,18,18
012110460,2,ԑs,k,,,,195,92,103,97
01211046001,3,ԑs,k𐼂P,,,,48,20,28,25
01211046002,3,ԑs,k𐼂Q,,,,36,20,16,25
01211046003,3,ԑs,k𐼂R,,,,-,-,-,-
01211046004,3,ԑs,k𐼂S,,,,7,3,4,2
01211046005,3,ԑs,k𐼂T,,,,73,33,40,30
01211046006,3,ԑs,k𐼂U,,,,31,16,15,15
012110470,2,ԑs,k,,,,285,131,154,140
01211047001,3,ԑs,k𐼂P,,,,50,24,26,22
01211047002,3,ԑs,k𐼂Q,,,,87,38,49,51
01211047005,3,ԑs,k𐼂T,,,,31,14,17,20
01211047006,3,ԑs,k𐼂U,,,,117,55,62,47
012110480,2,ԑs,k,,,,246,120,126,141
01211048001,3,ԑs,k𐼂P,,,,35,18,17,24
01211048002,3,ԑs,k𐼂Q,,,,50,20,30,27
01211048003,3,ԑs,k𐼂R,,,,48,23,25,25
01211048004,3,ԑs,k𐼂S,,,,51,25,26,23
01211048005,3,ԑs,k𐼂T,,,,62,34,28,42
012110490,2,ԑs,k\,,,,181,85,96,87
01211049001,3,ԑs,k\𐼂P,,,,28,11,17,12
01211049002,3,ԑs,k\𐼂Q,,,,60,25,35,31
01211049003,3,ԑs,k\𐼂R,,,,40,22,18,15
01211049004,3,ԑs,k\𐼂S,,,,20,12,8,10
01211049005,3,ԑs,k\𐼂T,,,,33,15,18,19
012110500,2,ԑs,k\,,,,254,96,158,120
01211050001,3,ԑs,k\𐼂P,,,,16,5,11,7
01211050002,3,ԑs,k\𐼂Q,,,,238,91,147,113
012110510,2,ԑs,k\,,,,26,12,14,11
012110520,2,ԑs,Cݒ,,,,345,164,181,173
012110530,2,ԑs,Β,,,,685,360,325,353
012110540,2,ԑs,V,,,,763,414,349,459
01211054001,3,ԑs,VP,,,,380,219,161,229
01211054002,3,ԑs,VQ,,,,201,100,101,114
01211054003,3,ԑs,VR,,,,182,95,87,116
012110550,2,ԑs,,,,,1145,522,623,540
01211055001,3,ԑs,ȂP,,,,360,169,191,155
01211055002,3,ԑs,ȂQ,,,,785,353,432,385
012110560,2,ԑs,,,,,101,46,55,53
012110570,2,ԑs,O,,,,1547,1415,132,206
012110580,2,ԑs,䒬,,,,1641,842,799,851
01211058001,3,ԑs,䒬P,,,,604,340,264,339
01211058002,3,ԑs,䒬Q,,,,299,159,140,156
01211058003,3,ԑs,䒬R,,,,738,343,395,356
012110590,2,ԑs,j,,,,1044,509,535,531
01211059001,3,ԑs,jP,,,,3,2,1,2
01211059002,3,ԑs,jQ,,,,277,132,145,140
01211059003,3,ԑs,jR,,,,128,64,64,73
01211059004,3,ԑs,jS,,,,214,100,114,108
01211059005,3,ԑs,jT,,,,422,211,211,208
012110600,2,ԑs,k,,,,1770,858,912,826
01211060001,3,ԑs,kP,,,,345,171,174,164
01211060002,3,ԑs,kQ,,,,360,178,182,175
01211060003,3,ԑs,kR,,,,299,144,155,123
01211060004,3,ԑs,kS,,,,541,256,285,257
01211060005,3,ԑs,kT,,,,46,23,23,21
01211060006,3,ԑs,kU,,,,179,86,93,86
012110610,2,ԑs,,,,,4142,2009,2133,1829
01211061001,3,ԑs,P,,,,418,204,214,186
01211061002,3,ԑs,Q,,,,557,266,291,254
01211061003,3,ԑs,R,,,,245,123,122,101
01211061004,3,ԑs,S,,,,500,262,238,254
01211061005,3,ԑs,T,,,,431,213,218,191
01211061006,3,ԑs,U,,,,412,190,222,178
01211061007,3,ԑs,V,,,,603,300,303,275
01211061008,3,ԑs,W,,,,976,451,525,390
012110620,2,ԑs,VsR,,,,343,160,183,155
012110630,2,ԑs,Pu,,,,2978,1407,1571,1294
01211063001,3,ԑs,PuP,,,,321,154,167,135
01211063002,3,ԑs,PuQ,,,,474,229,245,200
01211063003,3,ԑs,PuR,,,,764,358,406,338
01211063004,3,ԑs,PuS,,,,321,158,163,128
01211063005,3,ԑs,PuT,,,,395,189,206,166
01211063006,3,ԑs,PuU,,,,703,319,384,327
012110640,2,ԑs,,,,,7002,3720,3282,3344
01211064001,3,ԑs,P,,,,497,246,251,193
01211064002,3,ԑs,Q,,,,913,540,373,481
01211064003,3,ԑs,R,,,,385,206,179,198
01211064004,3,ԑs,S,,,,357,183,174,168
01211064005,3,ԑs,T,,,,688,354,334,278
01211064006,3,ԑs,U,,,,872,449,423,431
01211064007,3,ԑs,V,,,,698,352,346,343
01211064008,3,ԑs,W,,,,766,394,372,345
01211064009,3,ԑs,X,,,,793,426,367,387
01211064010,3,ԑs,PO,,,,519,306,213,318
01211064011,3,ԑs,PP,,,,514,264,250,202
012110650,2,ԑs,,,,,1412,687,725,668
012110660,2,ԑs,zPu,,,,2224,1122,1102,849
01211066001,3,ԑs,zPuP,,,,244,114,130,63
01211066002,3,ԑs,zPuQ,,,,427,212,215,141
01211066003,3,ԑs,zPuR,,,,314,135,179,127
01211066004,3,ԑs,zPuS,,,,176,93,83,52
01211066005,3,ԑs,zPuT,,,,585,286,299,231
01211066006,3,ԑs,zPuU,,,,4,3,1,1
01211066007,3,ԑs,zPuV,,,,474,279,195,234
012110670,2,ԑs,zPu,,,,29,15,14,11
012110680,2,ԑs,,,,,46,26,20,18
012110690,2,ԑs,c,,,,161,74,87,63
012110700,2,ԑs,,,,,50,47,3,1
012110710,2,ԑs,\,,,,247,131,116,67
012110720,2,ԑs,\`,,,,-,-,-,-
012110730,2,ԑs,a,,,,82,44,38,32
012110740,2,ԑs,K,,,,655,320,335,241
012110750,2,ԑs,z,,,,45,23,22,10
012110760,2,ԑs,ÑR,,,,349,185,164,83
012110770,2,ԑs,񌩃P,,,,170,76,94,59
012110780,2,ԑs,,,,,25,12,13,7
012110790,2,ԑs,Đl,,,,1301,642,659,511
012110800,2,ԑs,ԑ,,,,39,21,18,10
012110810,2,ԑs,,,,,147,77,70,32
012110820,2,ԑs,L,,,,72,37,35,22
012110830,2,ԑs,Y,,,,1905,932,973,693
01211083000,3,ԑs,Y,,,,175,79,96,69
01211083001,3,ԑs,YP,,,,351,168,183,129
01211083002,3,ԑs,YQ,,,,271,138,133,96
01211083003,3,ԑs,YR,,,,573,279,294,210
01211083004,3,ԑs,YS,,,,394,197,197,139
01211083005,3,ԑs,YT,,,,141,71,70,50
012110840,2,ԑs,,,,,599,322,277,254
012110850,2,ԑs,a,,,,24,13,11,6
012110860,2,ԑs,R,,,,92,44,48,28
012110870,2,ԑs,x,,,,131,67,64,37
012110880,2,ԑs,kl,,,,328,172,156,127
012110890,2,ԑs,ۖ,,,,19,9,10,6
012110900,2,ԑs,L,,,,51,24,27,15
012110910,2,ԑs,,,,,194,93,101,45
012110920,2,ԑs,Ym,,,,209,101,108,53
012110930,2,ԑs,h,,,,130,62,68,30
012110940,2,ԑs,Y,,,,12,6,6,4
